2
112
243
275
6143
548
592
606
621
827
911
956
1022
1082
1114
1187
1199
1398
1486
1486
1506
1610
1677
1904
1926
1957
2367
2431
2453
2602
2725
2848
2886
5914
2940
3050
3064
3082
4101
3223
3348
3350
3362
3523
3698
3732
3773
3868
3903
3905
3953
3958
3203
4030
4116
4230
4250
4610
4640
4643
4792
4802
4858
5174
5181
5200
5402
5595
5780
5784
2929
7045
6118
307
6253
6322
6620
6782
6847
5984
7089
7123
7208
7374
7645
7679
7779
7935
7945
7984
8003
8167
8263
8841
8851
9258
9453
9768
9904
9969
