0
1
3
1083
5
6
8
8
9
11
11
13
13
13
14
14
17
17
18
19
21
22
23
23
23
24
26
27
29
29
7265
30
31
31
33
33
35
35
36
38
39
39
39
4658
1369
42
42
43
44
45
46
47
47
48
49
3649
52
53
55
57
57
57
58
59
4102
8322
62
63
67
69
69
71
72
72
72
75
76
77
77
79
79
80
80
81
83
83
84
84
85
86
86
88
88
89
89
90
91
91
9332
92
92
93
93
94
95
99
101
102
103
104
104
104
9999
107
108
109
109
109
110
6121
112
113
114
115
115
115
116
116
117
118
118
118
119
120
121
121
122
123
124
126
2711
4597
131
132
132
133
135
6609
8507
140
141
142
143
145
145
4617
3966
146
148
148
150
151
152
152
153
153
153
156
156
157
157
5220
159
159
163
163
163
164
7150
166
167
168
170
171
171
173
175
178
179
181
181
181
181
182
183
183
185
185
186
187
8397
1255
188
190
191
192
193
193
194
196
196
199
201
202
203
203
207
207
209
211
213
213
8006
215
216
219
219
220
223
225
225
227
228
228
231
231
232
232
232
234
237
237
243
243
244
244
247
248
251
254
255
255
256
257
257
4583
258
260
263
263
264
265
265
7703
272
274
274
275
275
275
275
276
276
277
277
278
278
279
279
279
279
279
280
282
283
284
284
284
284
284
284
285
287
287
288
290
293
294
295
296
5009
3559
299
301
301
303
6362
5557
307
308
316
316
318
318
319
320
321
323
323
326
326
328
329
2969
333
333
334
1946
336
339
7612
340
341
342
7736
345
346
347
347
347
348
348
348
349
349
351
351
353
354
354
355
355
356
357
358
360
360
361
361
362
362
362
363
366
368
8016
373
374
374
374
375
379
380
1950
382
383
384
384
385
386
386
386
387
388
389
390
391
391
391
4102
699
396
396
7068
398
398
399
399
399
402
402
403
404
406
408
409
409
412
412
413
413
413
414
414
417
417
418
419
5128
420
422
423
424
425
427
429
430
431
431
432
433
435
435
435
437
437
438
439
440
441
442
444
445
446
446
448
449
450
452
452
454
3042
455
455
456
4181
457
3515
460
461
461
463
463
464
464
466
467
468
471
472
472
474
476
477
478
478
481
482
483
484
485
485
486
1209
489
491
9529
494
495
496
497
497
498
1030
499
499
499
499
501
502
503
503
1690
504
504
505
509
510
510
510
1770
513
513
41
515
516
517
518
518
518
520
521
523
526
526
526
526
527
528
528
530
531
531
532
534
536
536
537
537
540
541
544
546
5265
548
3699
3890
552
552
553
556
556
557
559
559
568
569
2405
572
573
573
574
576
578
580
581
582
583
583
583
721
585
586
587
587
588
588
593
594
595
595
596
596
597
4930
600
601
601
602
605
606
607
607
607
608
608
609
609
611
612
613
613
5146
6563
617
617
619
619
620
621
621
624
7127
626
626
627
627
630
630
633
633
634
635
635
636
9825
636
637
640
640
641
642
642
643
644
645
648
648
650
651
651
652
652
654
655
655
655
657
6589
663
664
665
665
666
666
668
669
669
670
672
675
675
4251
3890
679
679
1930
680
680
681
681
683
684
684
685
685
687
688
689
691
694
695
696
699
393
700
700
6627
701
9668
703
704
705
706
707
710
713
714
715
9043
716
716
717
717
717
718
718
718
720
584
721
721
723
724
727
728
728
729
731
732
732
733
7104
735
736
736
736
5155
739
739
744
744
745
745
746
4313
746
748
748
748
748
750
750
753
756
758
759
759
759
760
760
760
761
761
763
763
764
765
768
769
9394
770
771
772
773
774
775
777
4771
781
782
782
783
783
784
784
784
1318
785
786
786
787
789
789
791
792
793
794
1018
795
798
798
800
802
802
805
805
805
807
808
808
808
808
810
811
812
812
813
813
814
816
818
818
819
4462
821
821
824
825
825
826
826
826
827
827
827
828
3610
5618
830
830
831
831
833
833
833
835
836
837
838
838
843
844
845
846
847
8755
7610
853
854
854
855
6566
858
858
859
859
861
862
6942
863
864
865
866
867
868
868
869
871
874
9809
874
875
877
878
879
879
880
880
880
881
881
881
881
882
884
885
885
886
887
889
890
891
891
891
898
900
900
903
906
906
907
5804
910
910
912
913
915
916
7912
917
919
920
920
921
922
923
923
6088
925
925
929
929
932
932
934
935
936
937
937
1278
938
938
941
6122
942
942
943
945
947
948
948
949
949
950
951
952
954
955
955
956
956
957
960
961
965
966
967
971
973
1464
975
3554
978
979
979
983
983
984
986
986
988
6413
995
997
998
1000
1000
1002
1002
1003
1004
1005
1006
6448
1008
1009
1010
1012
1013
1014
1016
1016
1016
1018
1018
795
1019
2885
7192
1027
1029
1029
498
1031
1031
1034
1034
1034
1036
1036
1036
1042
1043
1044
1045
1045
1045
1046
1046
1046
1048
1049
1050
6288
1052
1053
1053
1055
1057
9333
1058
1059
1059
1059
1060
1064
1064
1064
1064
1064
1066
1068
1070
1070
1072
1073
1074
1076
1076
1076
8017
1078
1080
1081
1083
3
1085
1086
1086
1086
1087
1088
1090
1092
1092
1095
8715
1096
1098
1099
1100
1100
1100
1100
1101
1102
1103
1104
1104
1104
1105
1107
4714
1109
1109
1111
1112
1112
1113
1113
1114
1116
1118
1118
1119
1119
1120
1121
1121
1122
1123
1125
8627
1127
1128
1129
1130
9510
6901
1133
1135
1137
1138
1139
1139
1140
1141
1141
1143
1143
1144
1145
1145
1146
977
1148
1150
1151
1153
3053
1157
1157
1157
1157
1158
1158
1160
8864
1164
1166
1168
1168
1170
1171
1173
1175
4309
1176
1179
1180
1180
1180
1180
1572
1182
1182
1183
1183
1185
1189
1190
1191
1193
3593
1194
1194
1194
1196
1199
1199
1200
1200
1201
1201
7168
1202
1202
1202
1203
1203
1203
1205
9163
1206
1206
1209
1209
488
1210
1211
1217
7259
1218
1219
1219
1219
1221
1222
1223
1224
1224
1225
1225
1225
1227
1229
1230
1230
1231
1232
1234
2248
1236
1236
1237
7428
1237
1237
1237
1238
1238
1239
1239
1240
1240
1241
1241
2470
1242
1245
1246
1247
1247
1249
1249
1250
1250
1251
1252
1253
1253
1254
188
1256
1258
1261
1261
1263
1263
1263
1264
1264
1264
1265
1267
1267
1267
1269
1269
1271
1274
1275
1275
1276
1277
1278
1278
937
1280
1280
1281
1281
1282
1284
1284
1288
1289
7605
1290
1291
1293
1294
1295
1295
1296
1297
1299
1300
1301
1302
1303
1304
1305
1306
1307
1308
1309
1311
1311
1312
1312
1313
1314
1314
1316
1318
785
1320
1320
1321
1322
3831
1327
1330
1330
1332
1332
1336
1338
1340
1342
1345
1348
1348
1351
1352
1355
1355
1356
1356
1358
1359
1360
1360
1360
1360
1361
1361
1362
1364
1366
1367
1368
6146
1369
1370
1371
1373
1376
1378
1380
8440
1380
1381
9254
1382
1382
1384
1385
1386
1388
1388
1389
1390
1390
1390
1390
1392
1392
1394
1394
1395
1395
1395
1397
1398
1399
1399
1400
1401
1402
1405
1408
1408
1408
1409
1410
1410
1411
1414
1416
1416
1416
1417
1418
1418
1420
1420
5954
1420
1423
1424
1425
1425
1427
1428
1429
1429
1430
1432
1433
1433
1434
4632
1435
6869
1436
1436
1437
1438
1439
1440
1440
1441
2132
7895
1443
1443
1660
1444
1444
1444
1447
1450
1451
1452
1453
1454
1454
1454
1455
1455
1456
1458
1458
7540
1461
2835
1462
1022
1463
973
1464
1465
1465
1465
1467
1469
1469
1470
1473
1473
1474
1474
1474
1476
1477
1478
1480
1480
1481
1481
1481
1483
1486
1487
5114
1488
1492
1493
1494
1500
1500
1500
1500
1501
1501
1501
1501
1502
3277
1503
1505
1505
1506
1506
1507
1507
1508
1508
1508
1509
1509
1509
1512
1512
1513
1513
1514
1516
1517
1518
1522
1523
1524
1524
1524
1526
1527
1528
1529
1530
1530
1531
1531
1532
1532
1532
1533
3182
8871
9840
1536
1537
1544
5530
1550
1550
1551
5694
1552
1553
1553
1553
1554
1554
1554
1554
1554
1558
1558
1561
1562
1564
1566
1568
1570
1571
1180
1578
1578
1578
1580
1581
1583
1583
2060
7543
1587
1587
1587
1588
1589
1590
1591
1591
2815
1593
1593
1594
1595
1596
1596
1598
1599
1600
1601
1601
1603
1603
1604
1604
1607
1607
1608
1608
1609
1609
1828
1610
1611
1612
7547
5937
1613
1613
1614
1615
1616
1616
1617
1618
1620
1621
1623
1627
1627
1627
6869
1627
1628
1628
1630
1632
1634
1634
1636
1637
1637
1637
1638
1640
1641
1643
1646
1646
1647
1647
1647
1647
1647
1648
1650
1651
1652
1652
1652
1653
1653
1653
1653
1654
1655
1655
1655
1657
1658
1658
1659
1443
1660
1662
1663
1664
1664
1664
1665
1667
1668
1668
1670
5365
1670
1671
1673
1673
9825
1675
1676
1676
1681
1681
1682
1683
1684
1685
1686
1687
1688
1689
1690
504
1691
1692
1692
6724
1694
1696
1697
1697
1699
1701
1703
8719
1704
1704
1707
7022
1709
1709
1711
1712
1713
1713
1714
1715
1716
1716
1717
1720
1720
1721
1722
1723
1724
1724
1726
1727
1727
1728
1728
1728
1729
1729
6443
1730
1732
1733
3545
1736
1738
2850
1741
1741
1743
1743
1744
1746
1747
6644
2687
1748
1749
1750
1750
1752
1753
1753
2354
1757
1758
1758
1759
1759
1759
1759
1760
1762
1764
1766
1767
1768
1770
511
1770
1771
1772
1772
1772
1773
1773
1773
1773
7717
1774
1774
1774
1775
1777
1778
1780
1780
1783
1783
1784
1784
1786
1788
7811
1789
1790
1790
1792
1793
1793
1793
2604
1794
5399
1796
1798
1798
7518
1800
1801
1801
1801
1802
5918
1807
1807
1808
1809
1810
1813
1815
1816
1816
1817
1818
1818
2459
1818
1821
1822
8709
1823
1825
1825
1826
1827
1827
1610
1829
1829
1829
1830
1831
1832
1832
1833
1834
1834
1834
1836
1838
1839
1839
1840
1840
1843
1844
1844
1845
1845
1846
1846
1847
1847
1847
1848
1849
1850
1851
1853
1854
1855
1855
5557
1855
1856
1858
1858
1859
1862
1864
1864
1864
1865
1866
1870
3612
1872
1876
1876
2302
4746
5699
1879
1880
1880
1881
1884
1884
5413
1888
1889
1890
1892
1893
1893
5437
1987
4172
1899
1900
1901
1902
1902
1902
1904
1904
1906
1908
1910
1911
1913
1914
1915
1916
1917
7577
1921
1921
1923
1923
1924
8416
1926
1927
1930
680
7714
1932
1934
2892
1944
1945
9452
4958
1950
382
1950
1951
5568
1952
1953
1955
1956
1956
1957
1958
1959
1961
1961
1962
1962
1962
1962
1966
1967
1968
1969
1969
1970
1971
1973
1973
1974
1976
1976
1977
1978
1980
1982
1982
1983
1984
1984
1985
1986
1987
1896
1988
1988
1988
1989
5594
1990
1991
1993
1993
1994
1994
1994
1995
1997
7735
4815
1999
1999
1999
2002
2006
2007
2012
2012
2014
2015
2017
2019
2021
2024
2025
2029
2034
2034
2035
2038
2042
2044
2044
2044
2045
2045
2045
2046
2046
2048
2052
2054
2055
2057
2058
2058
2058
3517
3276
2061
2062
2063
2064
2064
8069
2064
2065
2065
2065
2066
2066
2068
2069
2069
1206
2071
2072
2073
2074
2074
2075
2075
5778
2076
2077
2077
2079
2079
2079
8924
2082
4646
2084
2085
2085
2086
2086
2093
2095
2096
2098
2101
2107
2108
2108
2110
2111
2112
2112
2113
2113
2115
6484
2117
2118
2120
2120
2121
2122
2124
2124
2125
7388
2125
6167
2128
2128
2130
4075
2130
2132
2859
9972
2134
2134
2135
2137
2138
2139
4869
3631
2144
2144
2146
2146
2149
2149
2150
2156
9307
2161
2161
2162
2163
2163
2163
2164
2164
2166
2166
2169
2169
2171
2172
2172
2173
3641
2174
2174
2176
7780
2177
2178
2181
2181
2182
2183
6584
2183
2183
2184
2184
2185
2185
2185
2186
2187
2189
2192
2193
2195
2196
2199
2200
2203
2205
2205
2205
2207
2207
2209
2209
2210
2214
2215
2217
2222
2222
2224
2226
2231
2232
2233
2233
2234
2236
2236
2237
2238
2242
2243
2244
2244
2246
1235
2249
2249
2250
2251
2251
2254
2254
2255
2256
9379
2261
2262
2262
2263
2263
2263
2264
2266
2268
2268
2269
2269
2269
2271
2271
2273
2274
2275
2275
2279
2280
2281
2284
2285
2285
2285
2285
2288
2288
2289
2293
2296
2298
2301
1878
2303
2304
2306
2307
2309
2309
7959
2311
8627
2311
2312
2312
2312
2313
2314
2315
2316
2318
2319
3585
2320
2320
2322
2322
2322
2323
2324
2325
2327
2327
2328
2328
2329
2331
2331
2332
2333
2333
2333
2972
2334
2334
2335
2336
2336
2337
2337
2337
2338
2342
7301
2343
2344
2345
2345
2348
2467
2349
2349
2350
6204
2350
2352
2352
2353
2353
1755
2355
2356
2356
2356
2358
2359
2360
2361
2362
2363
2363
2364
2366
2367
5110
2370
2371
2371
2373
2373
4473
2375
9923
2376
2377
2378
2379
2379
2380
2381
2384
4979
2387
2387
2387
2389
2390
2390
2391
2393
2395
2395
2396
3824
2397
8306
2397
2398
4492
2399
2399
2400
2400
2402
2403
2403
2404
2404
571
2407
2407
9098
2408
5613
2409
2411
2412
2412
2413
2414
2415
2415
2415
2416
2418
2419
2421
2422
2425
2427
2427
2427
2428
2430
2431
2431
2432
2432
2435
2435
2436
2438
2440
2440
2441
2441
2442
2443
2443
2376
2447
2449
2449
2449
2451
2451
2452
2456
2456
2457
2457
2459
1818
2460
2461
2462
2463
2464
2465
2466
2349
2468
2469
1242
2474
2475
2476
2874
2479
2479
2480
2481
2482
2482
2485
2486
2487
2489
2490
2490
2493
2494
2495
2495
2497
3532
2497
2499
2500
2501
2502
2503
2503
2504
2505
2505
2507
2507
2507
2507
2509
2509
2510
2511
2513
2514
2514
2516
2516
9988
2520
2520
2521
2521
2522
2713
2522
2522
2524
2524
2525
2526
3531
2528
2532
2533
2534
2537
2537
2538
2540
2540
2540
2541
2541
2543
2543
2544
2545
2545
2548
2550
2550
2550
2550
2550
2556
7865
2559
2559
2560
2560
2560
2561
2561
2563
2564
2568
2569
2572
2572
2574
2574
2574
2574
2575
2575
2575
2576
2576
2577
2578
2579
2580
2582
2582
8904
2585
2585
2587
2588
2589
2589
2590
2591
2592
2593
2593
2597
2597
2598
2599
1794
2606
2606
2608
2609
2610
2611
2612
2614
5558
2614
2615
2615
2616
2616
2617
2619
2622
2624
2624
2625
2626
2626
2627
2627
3078
2632
2632
2633
2635
3666
2640
2641
2643
2644
2921
2648
2650
2650
2650
2651
2651
2651
2651
2652
2652
2652
2653
2654
2654
2654
2655
2656
2657
2657
2657
2657
2658
2661
2662
2663
2664
2664
2665
2666
2667
2668
2668
2669
2670
2670
2670
2671
2672
2674
2675
2676
2677
2677
2679
2682
2682
2683
2684
2684
2685
2686
2686
5375
2691
2994
2691
2692
1176
2693
2694
2695
2695
2695
2697
2700
2700
2701
2703
2703
3148
2705
2708
2709
2710
2710
2710
128
2712
2522
9041
2714
2714
2716
2717
2717
6468
2718
2718
2718
2719
2720
2721
2721
2723
2725
2726
2726
2728
2729
2729
2730
2732
2734
2737
2738
2738
2739
2739
2739
2741
2741
2745
2745
2747
8214
2749
6865
2755
2757
2760
2763
2764
2764
2766
2768
2768
2770
9419
2772
2772
2773
2776
2777
2777
2777
2778
5135
2778
8170
2781
2782
2784
2785
2786
2786
2786
2787
2789
2789
2792
2792
2800
2800
2801
2801
2801
2801
2804
2805
2806
2806
2807
2808
2808
2809
2811
2814
2815
2815
2815
1592
2816
2816
2816
2817
2817
2818
2818
8442
4906
2822
2822
8666
2823
5720
2825
2949
2827
2827
2827
2827
2829
2830
2830
2833
2835
1462
2835
2836
2837
2838
7089
2840
2840
2842
2843
2844
2845
2845
2846
2847
2847
2848
2848
2848
2849
2849
1739
2851
2852
2853
2853
2854
2855
2856
2857
2857
2859
6509
1442
2859
2859
7342
2860
2861
2862
2864
2864
2867
2867
2868
2868
2868
2872
2873
2873
2873
2477
2874
2874
2874
2876
2876
2878
2878
2880
2881
2881
2882
2882
5574
2882
2883
2883
2884
1463
2885
2887
2888
2889
2890
1940
2894
2894
2895
2896
2896
2897
2897
2898
2898
2900
2901
2901
2901
2901
2901
7404
2908
2911
6798
2914
2914
2915
2916
2916
2920
2920
2646
2921
2921
2924
2926
2927
2927
2927
2929
2930
2931
2932
2935
2939
2941
2942
2942
2942
2947
2947
2825
2951
2951
2954
2956
6547
2959
2960
2960
2960
2963
2963
2964
2965
2966
2968
332
2970
2970
2970
2971
2334
2973
2973
2975
2975
2976
2977
2978
2979
2979
2980
2982
2983
2985
2985
2986
2987
2988
2992
2691
2994
2995
2995
2998
2999
3000
4188
3001
3004
6849
3005
3009
3010
3011
3011
3011
3012
3013
3013
3014
3014
3014
3015
3019
3020
3020
3021
3022
3024
3025
3027
3028
3029
3030
3031
3035
3035
3036
3036
3037
3038
3038
3038
9727
455
3042
3043
3043
4373
8649
3044
3046
3047
3047
3048
3048
3049
3049
3052
3053
1154
3053
3054
3054
3057
3058
3058
3063
3064
9071
3065
3066
3066
3067
3068
4381
3069
3070
3071
3072
3073
3074
3075
3075
9667
3077
3077
2628
3078
3079
3079
3079
3079
6087
3081
3081
3082
3082
3082
7760
3085
3085
3085
3087
3088
6906
3090
3090
3091
3091
3091
3091
3096
4265
3097
6343
3098
3100
3100
6092
3100
3100
3102
3103
3104
3108
3109
3111
3112
3112
3114
3116
3119
3121
3121
3121
3123
3124
3125
3126
3128
3130
3131
3132
3133
3135
3135
3136
3139
3140
3141
3143
3147
6565
2705
3148
3148
3148
3148
3151
3153
3154
3154
3155
3155
3163
3163
3164
8353
3168
3168
3168
3170
3170
3172
3172
3174
3179
3179
3180
3180
1534
3183
9691
3188
3189
3192
3193
3194
3194
3197
3197
3197
3198
3198
3199
3200
3200
3202
3202
6035
3206
6515
3211
8135
3212
3212
3212
3214
3214
3214
3216
3217
3218
3221
3221
3221
3223
3225
3228
3229
3230
3231
3232
3233
3233
3234
3234
3234
3236
3237
3239
3242
3242
3243
3243
3244
3245
3246
3247
3249
3250
3253
3257
3257
3258
3260
3260
3261
3262
3262
3262
3262
3263
3263
3266
3266
3266
3267
3268
3268
3269
3269
3270
3271
3271
3271
3272
3273
3273
8899
2060
3276
1503
3278
3279
3279
3280
3281
3281
3281
3282
3282
3283
3287
3287
3289
3289
3289
3289
3290
3290
3290
3292
3292
3293
3294
3295
3296
3297
3297
3297
6829
3300
3300
3300
3300
7617
2748
3301
3303
3305
3305
3306
3307
3308
3309
3309
3309
3309
3310
3311
3312
3314
3314
3315
3315
3316
3317
3319
3322
7128
3324
3326
3327
3327
3327
3328
6999
3329
3330
3330
3330
3331
3332
3333
3333
3334
3335
3338
3338
858
3342
3342
3342
3342
3343
3346
3346
3351
3358
3359
3362
3363
3364
3364
3366
3366
3368
3368
3370
3372
3372
3373
3373
3373
3373
3377
3377
3379
3380
3381
3381
3381
3382
3382
3383
3384
3385
3386
3387
3387
3390
3392
3393
3395
3395
3396
3397
3398
3401
3401
3404
3405
3405
3406
3406
3408
3412
3414
3419
3419
3419
3420
3421
3421
3421
3422
3422
3423
3423
3424
3424
3426
3426
3427
3428
3428
3430
3995
3434
3435
3436
3438
3438
3439
3439
3439
3442
3442
3443
3445
3446
3447
3447
3449
3449
3451
3451
3451
3451
3452
3452
3454
3454
3456
3456
3457
3458
2064
7939
3460
7139
3464
3464
3464
3467
6711
3469
3470
3474
3474
3475
3475
3476
3476
6381
3478
3479
3479
3479
3480
3481
3483
3485
3485
3485
3485
3486
3487
3487
3487
3491
3492
3493
3495
3495
3496
3498
3498
3498
3499
3500
3502
3503
3505
3505
3506
3508
3508
3509
3509
3511
3511
3511
8650
3512
3512
3513
457
3517
1584
3518
3519
3519
3520
3520
3521
3521
3522
3523
3523
3529
3530
2527
2497
3532
3533
3534
3534
3535
3537
3537
3538
3541
3542
3544
4614
3547
3549
3550
3550
3550
3551
3551
3552
6704
3553
3554
5522
3555
3555
3557
3557
3558
297
3559
3561
3562
3562
3562
3565
3565
3566
3566
3566
4481
3567
3568
3569
3569
3572
3577
3578
3579
3580
3581
3581
3582
9132
3583
3583
3584
8115
3586
3586
3587
3589
3591
3592
3823
1193
3594
3596
3598
3598
3598
3599
3599
3601
3602
3602
3602
3602
3602
3603
3603
3605
3606
3607
829
1871
3612
3613
3613
3613
3615
5609
3616
3616
3617
3618
3618
3620
3622
3623
6302
3625
3625
6826
3629
3629
3630
8948
3631
3632
3633
3633
3634
3634
3635
3636
3636
3636
3637
3639
3639
3639
3640
2173
3641
3645
3645
3646
3649
50
3652
3653
3653
3654
3654
3655
3657
3657
3658
3658
3660
3663
3664
3664
3665
3665
3666
3666
2636
3667
4570
3668
3668
3668
3669
3670
3670
3672
3673
3674
3676
3676
3676
8539
3681
3681
3682
3682
3683
3683
3687
3689
3689
3690
3691
8490
3692
3692
3694
3694
9207
3697
3698
3699
3699
550
3702
3704
3704
3707
3707
3709
3711
3712
3713
3715
3715
3716
3717
3718
3719
3720
3720
3721
3721
3721
3722
3723
3725
3726
3726
3727
3728
3729
3729
3731
3733
3734
3735
3735
3736
3739
3741
3742
3742
3744
3744
3744
3744
3748
3748
3750
3754
4106
3756
3756
3756
3759
3759
3760
6017
3764
3766
3768
3769
3769
3770
3771
3771
3772
3773
3775
3776
3777
3778
7826
3778
3779
3782
3784
3785
3785
3786
3787
3788
8347
3789
3791
3791
3792
3796
5253
3797
3798
3799
3800
3802
3802
3804
3805
3805
3805
3806
3807
3807
3809
3811
3813
3813
3813
3814
3816
3816
3817
9738
3820
3820
3593
2396
3825
3825
3826
3827
3829
3830
3830
1322
3832
3833
3833
3834
3834
3834
3835
3836
3841
3841
3842
3842
3842
3844
3846
3846
3847
3848
3848
6984
3853
3854
3855
3857
3858
3859
8354
3860
3861
3862
3863
3863
6727
3867
3871
3872
3873
3874
3875
3877
3878
3878
3879
3880
3881
3885
3886
3887
8067
3889
677
3890
550
3891
3893
3895
3895
3895
3896
3897
3899
3900
3901
3904
3904
3904
3905
3905
3906
3906
3906
3906
3907
5353
3910
3911
3911
3913
3913
3914
3914
3914
3916
3917
3917
3917
3917
3919
3919
3924
3927
3468
3932
3932
3933
3933
3936
3936
3936
3936
5743
3939
3941
7167
3942
3942
3943
3943
3944
3947
3947
3950
3951
3953
3953
3955
3956
3956
3958
3958
3958
3958
3958
3960
3960
3962
3962
3962
5576
716
3964
3964
3965
145
3967
3968
3969
3969
3969
3969
3971
8991
3974
3974
3975
3975
3975
3976
3978
3980
3981
3983
3984
3984
3987
3987
3987
3988
3988
3988
3989
3989
3991
3992
3994
3434
3996
3996
3996
3999
3999
9555
6893
4002
4002
4003
4003
4007
4009
4010
4011
4014
4014
4015
4015
6738
4017
4017
4018
4020
4021
4023
4023
4024
4025
4025
4026
4027
4027
4030
4030
4031
4031
4034
4034
4035
4035
4036
4037
4039
4041
4041
4041
4042
4044
4047
4047
4048
4049
4050
4050
4051
4051
4051
4053
4057
4057
4059
4060
4060
4063
4063
4065
4510
7970
4065
4067
8724
4068
6371
4069
4069
4069
7734
4071
4072
4072
4072
2130
4076
4077
4077
4079
4079
4082
7412
4082
1008
4083
4083
4086
6422
4086
4088
4088
4090
4090
4090
4091
4092
4092
4092
4093
4093
6159
4095
4096
4097
4097
4100
392
60
4103
4105
4105
3756
4107
4107
4109
4110
4112
4113
4114
9984
4115
4115
4116
4117
4119
4119
4120
4120
4120
4121
4121
4121
4123
4123
4124
4125
4206
4129
4131
4132
4134
4136
5344
4137
4141
4142
4143
4146
4146
4147
4148
4148
4150
4151
8421
7464
5850
4155
4155
4157
4157
4160
4160
4161
4162
4162
4163
4163
4164
4165
4166
4166
4167
4168
4168
4169
4169
4169
4170
1897
4478
4174
4175
4177
4177
4181
456
4182
4182
4182
4182
4183
4187
6715
4188
4188
4188
3000
4189
4191
4192
4192
4193
4193
4193
4194
4194
4198
4200
4201
4202
4203
4205
4206
4126
4206
4206
4208
4209
4209
4209
4211
4213
4213
4214
4215
4216
4216
4216
4217
4218
4220
4220
4220
4221
4222
4222
4223
4224
4225
4226
4227
4230
4232
4232
4233
4233
4233
4233
4233
4234
4234
4235
4236
4237
4243
4244
4245
4247
4248
4248
4249
676
4252
4255
4255
4259
4259
4260
4262
4263
4263
4264
5490
4267
4267
4268
4269
4270
4272
4276
4276
4277
9476
4278
4280
4280
4281
4281
4284
4287
4616
4288
4290
4291
4291
4292
4294
4295
4296
4297
4298
4298
4300
4300
4300
4301
4302
4303
4304
4306
4308
4308
4309
4309
4309
2692
4310
4311
4311
746
4314
4315
4317
4318
4318
4318
4320
4320
4320
4320
4323
4324
4324
4327
4328
4328
4332
4338
4338
4339
4343
4343
4344
4344
4345
4348
4350
8783
4351
4353
4355
8455
4356
4359
4359
4367
4367
4368
4371
4371
4373
4373
3044
4375
4378
4379
4379
4379
4379
4380
5505
3069
4382
4385
4385
4386
4386
6353
4388
4391
4391
4392
4392
4392
4392
4393
4395
4395
4397
4397
4397
4397
4398
4398
4399
4399
5921
4400
4401
4401
4403
4404
4405
4406
4406
4407
4409
4410
4410
4411
4411
4413
4413
4415
4415
4417
9927
4422
4423
4423
4424
4425
4425
4425
4426
4430
4432
4432
4436
4437
4437
4438
4439
4440
4443
4445
4445
4446
4446
4447
4449
4449
8115
4450
4451
4451
4453
5350
4455
4457
4457
4458
4458
4459
7854
4459
4459
4460
4461
4462
820
4463
4464
4465
4465
4467
4467
6379
4469
4469
4470
4470
4470
4470
4471
4471
4471
4471
2375
4477
4477
4478
4173
4478
4480
4480
4480
3567
4481
4481
5314
4482
4485
4488
4490
4491
6605
4492
2399
4493
4493
4494
4494
4495
4498
8319
4499
4504
4591
4509
4065
4511
4512
4512
4514
4514
4514
4515
4516
4516
4519
4520
4520
8208
4523
4523
4524
4524
4527
4528
4528
4529
4529
4530
4532
4533
4533
4535
4538
4541
4542
4542
4543
4545
4547
4547
4548
4549
4550
4550
4556
4558
4561
4561
4561
4563
4564
4567
4567
3667
4571
4573
4574
4575
4578
4579
4579
4579
4581
4582
4872
4583
257
4585
4585
138
4587
4587
4588
4588
4589
4590
4590
4508
4592
4594
4595
129
4598
4599
4600
4600
4601
4602
4603
4603
4604
4604
4605
4605
4606
4608
4612
4613
4614
1734
4288
145
4617
4618
4621
4622
4624
4627
4627
4628
4630
4630
4630
4631
4632
1434
4633
4634
4635
4638
4644
4645
4646
2083
4646
4647
4649
4649
7135
4654
4655
4656
4656
4656
4657
4657
41
4658
4658
4658
4659
4659
4660
4660
4661
4661
4662
8989
4664
4664
4665
4666
4668
4670
4671
4671
4672
4672
4673
4674
4674
4677
4677
4678
4680
4680
9081
8539
4682
4683
4686
4689
4690
4690
4691
4695
9693
4697
4698
4699
4700
4702
4702
4702
4705
4705
4705
4707
4709
7703
4711
4712
4713
4713
1108
4714
4718
4719
4719
4719
4720
4721
4721
4722
4723
4728
4731
4731
4732
4732
4732
4734
4736
4741
4741
4742
4743
4745
4746
4746
4746
1878
4747
5939
4749
4750
5777
4752
4752
4753
7033
4757
4758
4758
4761
4764
4765
4766
4766
4769
4769
4770
4770
780
4771
4773
4775
4776
4776
4777
4777
4777
4777
4778
4779
4780
4780
2160
4783
4785
4786
4788
4788
4789
4790
4790
4791
4791
4792
4793
4793
4794
4795
6003
4795
4796
4797
4799
4800
4800
4801
4803
4803
4803
4804
4804
4805
4806
4806
4807
4808
4809
4813
1998
4815
4815
4815
4817
4819
4819
4819
4819
4821
4821
4822
4822
4823
4824
4824
4824
4825
4826
4827
4828
4829
4831
4831
4832
4833
4833
4835
4835
4835
4842
4842
4843
4845
4846
4846
4847
4849
4849
4852
4852
4853
4855
4856
4856
4858
4858
4859
4860
4860
4860
4861
4862
4863
4864
4864
4865
4865
4866
4867
4867
2141
4869
4870
4582
4873
4873
4873
4873
4874
4875
4876
4876
4878
4878
4879
4881
4882
4882
4886
4887
4887
4887
4889
4891
4892
4892
4894
4896
4898
4901
4902
4904
2821
4908
4908
4908
4908
4908
4911
4912
4912
4912
4913
4917
4917
4918
4918
4918
4919
4920
4922
4922
4926
4926
7203
4928
4928
4929
4930
4930
599
4930
4932
4933
4934
4935
4937
4937
4939
4939
4939
4941
4941
4942
4942
4945
4945
4946
4948
4950
4950
4951
4951
4952
4952
4954
4954
4954
4954
4954
1704
4957
4958
1950
4959
4959
4960
4961
4963
4964
4965
4966
4967
4967
4968
4968
4968
4968
4971
4971
4973
4974
4974
4974
4975
4976
4977
2387
7049
4981
4981
4982
4988
4989
4991
4992
4994
4994
4994
4997
4999
5001
5001
5002
5002
5006
5007
5008
297
6697
5014
5015
5015
5016
5016
5017
5018
5019
5020
5022
5025
5026
5027
5029
5030
5031
5031
5032
5033
5035
5036
5037
5037
5037
5038
5038
5039
5041
5042
5043
5044
5046
8851
5048
5049
5049
5049
5050
5051
5051
9954
5056
5059
5060
5060
5060
5060
5063
5064
5064
5065
5066
5067
5067
5067
5068
5069
5070
5071
5072
5072
5072
5073
5073
5074
5075
5075
5075
5078
5081
5083
5085
5085
9873
5086
5087
5087
5088
5089
5094
5097
5097
5098
5099
5099
5100
5100
5101
5101
5109
2368
5112
5113
6545
1488
5114
5114
5114
5115
5117
5117
5118
5119
5119
5121
5123
5124
5125
5126
5126
5126
5127
5127
5127
5127
5128
419
5128
5129
5131
5131
5131
5132
5132
5133
5135
2778
5135
5136
6194
5140
5141
5145
5146
615
5153
5147
5149
5150
8366
5152
5152
5146
5154
737
5155
5157
5159
5159
5161
5161
5162
5162
5163
5164
5166
5167
5167
5167
5168
5170
5171
5172
5173
5179
5182
5186
5186
5187
5189
5190
5190
5193
5197
9086
5199
5200
5204
5205
5205
5206
5206
5207
5207
5207
5208
5208
5209
5210
5211
5211
5215
5215
5215
5215
5216
5217
5217
5218
5218
5218
5219
158
5222
5222
5223
5224
5225
5225
5226
5226
5227
5230
5230
5233
5233
5234
5234
5234
5234
6908
5238
5239
5241
5242
5242
5243
5244
5247
5247
5248
5249
5250
5250
5251
5252
3796
5254
5254
5255
9661
5256
5259
5259
5260
5260
5261
9750
5263
5263
5264
5264
5696
5265
5269
5270
5271
5271
5271
5273
5275
5276
5277
5277
5278
5279
5279
5280
5280
5281
5282
5284
5284
5284
5284
5286
5287
5287
5287
5288
5288
5290
5290
5291
5292
5292
5293
5295
5296
5296
5297
5299
5299
5299
5304
1024
5306
5307
5309
5310
5310
5311
5312
5312
5313
5313
5313
6897
4482
5316
5318
5321
5322
5325
5325
5328
5331
5331
5334
5335
5335
5336
5337
5338
5340
5341
5342
5342
5343
5343
4137
5344
9511
8024
5347
5348
5348
5349
8966
4455
5350
5351
5353
3908
5353
5355
5356
5358
5358
5358
5362
5362
5363
5364
5364
5365
5365
5365
1670
5366
5367
5367
5367
5372
5372
5373
5375
1748
5375
5377
5377
5378
5379
5382
5382
6711
5389
5390
5392
5398
1796
5400
8251
5401
8294
5401
5402
5404
5404
7363
5409
5410
5410
5410
5410
5411
5411
5411
5412
5412
1885
5413
5417
5417
5417
5419
5420
5422
5422
5423
5426
5426
5426
5426
5427
5428
5430
5431
5432
5433
5433
5433
5433
5435
1894
5441
8306
5443
5444
5446
5449
5450
5451
5451
5451
5452
5453
5453
5454
5454
9602
5460
5460
5461
5463
6348
5465
5465
5465
5465
5467
5468
5469
5470
7445
5472
5472
8883
5477
5477
5477
5478
5479
5481
6887
5484
5486
5486
8392
5487
3097
5491
5492
5492
5495
5495
5496
5502
5502
5503
4381
5506
5506
5507
5510
5510
5511
5512
5514
5515
5516
5516
5516
5517
5520
1148
5522
5523
5525
5526
5527
5527
5528
5529
1546
5531
5533
5533
5533
5533
5535
5536
8132
5539
5541
5543
5546
5547
5549
5551
5552
5553
8424
5554
5554
304
1855
5558
2614
5560
5560
5561
5561
5561
5562
5563
5563
5565
5565
5566
1951
5568
5572
5573
2882
5574
5574
5575
5575
3963
5578
8975
5581
5581
5582
5582
5582
5583
5584
5584
5586
5587
5588
5591
5591
5591
5592
5592
1990
5598
5599
5599
5601
5602
5602
5603
5604
5605
5605
5606
5607
5607
5608
5608
3616
5611
5611
5613
2408
5613
5615
5618
829
5618
5618
5619
5621
5622
5622
5624
5624
5626
5627
5627
5627
5628
5629
5629
5630
5630
5631
5631
5632
5632
5633
5634
5634
5636
5636
5639
5639
5639
5640
5640
5640
5641
5642
5643
5643
5644
5646
5647
5648
5648
8625
5649
5651
5651
5652
5654
5654
5657
5658
5659
5663
5663
5664
5666
5667
7974
5669
5672
5673
5673
5673
5674
5674
5674
5675
5675
5680
5680
5682
5684
5685
5688
5688
5688
5689
5690
5691
5692
1551
8333
547
5696
5696
5698
1879
5701
5701
5701
5702
5702
5703
5703
5706
5707
5707
5708
5708
5708
5710
5714
5715
5717
5717
5717
5718
5718
2823
5721
5722
5722
5722
5724
5724
5724
5725
5727
5729
5729
5731
5731
9795
5732
5734
5735
5738
5740
5741
5741
5741
5742
5742
5742
5743
3938
5743
5745
5746
6424
5747
5747
5748
5748
5751
5752
7772
5755
5756
5758
5759
5760
5761
5763
5764
5764
5765
5766
5766
5766
5768
5768
5770
5771
8223
5773
5775
5776
6664
5778
2076
5778
5778
5781
5782
5782
5783
6836
5785
5785
5787
5788
5789
5789
5792
5793
5793
5793
5793
5795
5796
5797
5797
5799
5799
5801
1237
909
5804
5805
5805
5806
5807
5807
5808
5808
5809
5810
5810
5811
5812
5812
5812
5812
5813
5814
5815
5815
5816
5817
5817
5817
5818
5822
5822
5823
5826
5827
5829
5830
5832
5832
5832
5833
5834
5835
5835
5838
5841
5843
5845
5845
5846
5847
5848
5848
4153
9153
5852
5855
5856
5856
5857
5861
5862
5862
5865
5866
5866
5866
5869
5870
5870
5870
5871
5873
5873
5874
5874
5874
5875
5876
5879
5881
5883
5884
5885
5885
5885
5888
5890
5890
5891
5891
8920
5893
5897
5897
5900
5902
5902
5904
5905
5908
8951
5908
5911
5911
5911
5912
5915
5916
7879
3859
5922
5923
5924
5925
5926
5927
5927
5928
5929
5929
5930
5931
5931
5933
5934
5935
5935
5936
1613
5938
5938
5938
5939
4748
5941
5942
5942
5943
5946
5947
5948
5948
5948
5949
5951
5951
5952
5953
5953
1420
5954
5957
5959
5959
5960
5960
5961
5966
5968
5968
5971
5971
5972
5973
5974
5974
5976
5977
5978
5978
5979
5980
5980
5981
5983
5983
5983
5984
5984
5984
5985
5985
5985
5986
5988
5989
5990
5991
5993
5993
5994
5994
5995
5996
5996
5997
6000
6000
6001
4795
6005
6005
6005
6005
6006
6006
6007
6009
6010
6010
6010
6011
6011
6012
6013
6015
3760
6017
6019
6020
6021
6021
6022
6024
6024
6025
6026
8280
6026
6026
6614
6028
6029
6033
6408
6034
3203
6036
6036
6037
6037
6038
6039
6039
6040
6042
6047
6048
6049
6049
6051
6051
7851
6052
6052
6055
6056
6057
6057
6058
6059
6059
6059
6059
6060
6061
6063
6064
6064
6065
6066
6066
6068
6068
6068
6069
6071
6071
6073
6074
6074
6075
6075
6076
6079
6080
9061
6083
6085
3079
924
6090
6352
6091
3100
6094
6095
6095
6097
6098
6098
6099
6101
6102
6102
6103
6103
6104
6105
6107
6108
6108
6108
6109
6111
6111
6111
6112
6112
6116
6118
6118
6119
6120
6120
111
942
6123
6124
6126
6126
6129
6130
6132
6132
6132
6134
6136
6137
6137
6138
6140
6142
6142
6145
6146
515
6146
6147
6148
6148
6149
6151
6151
6152
6153
6153
6153
6154
3553
6156
6156
6157
9768
6159
4094
6159
6160
6160
6163
6165
6167
2125
6167
6168
6170
6172
6172
6174
6176
6176
6177
6179
6179
6181
6185
6186
6187
6188
6189
6189
6191
6192
6193
5139
6194
6196
6198
6200
6200
6204
6204
6204
2350
6205
6206
6210
6211
6212
6213
7528
6215
6220
6220
6221
6223
6224
6225
6226
6226
6226
6226
6228
6228
6228
6229
6231
6231
6232
6233
6234
6234
6235
6236
6237
6239
6240
9720
6244
6244
6248
6249
6249
6249
6252
6252
6253
6253
6253
6253
6254
6256
6257
6257
6257
6257
6258
6258
6261
6262
6263
6263
6264
6265
6265
6267
6267
6268
6268
6271
6272
6272
6273
6273
6273
6273
6273
6275
6277
6277
6278
6278
6279
6281
6285
6286
7609
6288
6290
6292
6292
6294
6296
6297
6299
6299
6300
6301
6302
3623
6305
6306
6308
6310
6311
6312
6313
6313
6313
6314
6315
6315
6315
6317
6320
6320
6322
6322
6322
6324
6326
6326
6328
6329
6330
6330
7338
6335
6338
6338
6340
6340
6341
3098
8873
6344
6345
5464
6349
6349
6350
6352
6091
4387
7783
6355
6355
6356
6358
6359
6359
6361
6361
6361
303
6362
6363
6364
6365
6366
6366
6367
6367
6369
6369
6369
6369
6371
4068
6374
6374
6374
6374
6377
4468
6379
6380
3477
6386
6386
6387
6388
6389
6389
6391
6392
6393
6393
6398
6398
6400
6402
6402
6403
6406
6406
6406
6406
6407
6033
6412
990
6413
6414
6415
6418
6420
4086
6424
6691
6424
6425
6425
6427
6427
6430
6431
6431
6432
6435
6437
6438
9157
6441
6441
6442
6442
6443
1730
6444
6444
6444
6446
6446
6447
6447
4083
6448
6448
6448
6451
6451
6452
6452
6456
6457
6457
6459
6460
6461
6461
6464
6464
6468
7889
6468
6468
2717
6470
6472
6474
6475
6476
6479
6479
6479
6479
6480
6482
9939
6483
2116
6489
6490
6490
6490
6490
6490
6491
6491
6492
6493
6493
6494
6494
6494
6495
6496
6496
6496
6496
6498
6498
6498
6499
6499
6500
6503
6505
6508
6521
6510
6511
6512
6514
3207
6517
6518
6519
6520
2859
7644
6523
6524
6525
6525
6526
7932
6530
6531
6533
9939
6535
6537
6537
6540
6540
6540
6541
6542
6544
5113
8507
2959
6548
6549
6549
6550
6553
6555
6556
6556
6557
6558
6559
6560
6560
6560
6563
616
3147
6565
3341
6568
6569
6570
6571
6571
6574
6576
6576
6577
6582
6583
6584
2183
6586
6586
6587
6588
661
6590
6590
6590
6591
6591
6592
6593
6593
6594
6594
6595
6599
6600
6602
6603
4491
6606
6608
138
6610
6611
6611
6611
6612
6613
6026
6614
6616
6617
6618
6619
6619
6621
6623
6623
6623
6625
700
6628
6629
6630
6630
6630
6631
6631
6631
6632
6633
6634
6634
6636
6639
6639
1747
6644
6644
6645
6645
6646
6646
6646
6647
6647
6647
6648
6650
6650
6651
6651
6652
6653
6655
6657
6658
6658
6659
6660
6661
6661
6663
6663
4750
6664
6664
6666
6667
6667
6668
6669
6671
6672
6672
6672
6672
6675
6675
6677
6677
6678
6678
6678
6678
6679
6679
6681
6681
6681
6682
6682
6683
6684
6685
6685
6686
6691
5746
6692
6693
6693
6694
6694
6696
5010
6698
6698
6699
6699
6701
6702
6703
6704
6156
6705
6705
6706
6707
6708
6710
5385
6711
3929
6712
6712
6713
6713
6713
6714
4187
6717
6717
6717
6718
6718
6718
6719
6719
6720
1694
6724
6725
6725
3865
6730
6733
6734
6737
4016
6739
6740
6740
6740
6742
6742
6743
6744
6745
6745
6745
6746
6746
6746
6747
6747
6748
6748
8688
6749
6752
6753
6753
6755
6757
6759
6759
6761
6761
6763
6764
6765
6766
6766
6766
6769
6769
6769
6769
6771
6771
6773
6773
6774
6775
6776
6776
8113
6778
6779
6779
6781
6781
6784
6790
6791
6791
6793
7930
6794
6794
9392
6795
6797
6797
6797
6798
6798
2912
6799
6799
6800
6800
6800
6803
6806
6809
6810
6810
6811
6812
6812
6812
6813
6813
6814
6815
6815
6816
6817
6818
6819
6820
6820
6821
6824
3627
6828
3299
6829
6830
6831
6831
6831
6832
8556
6834
6835
5785
6836
6836
6837
6838
6838
6839
6842
6843
6844
6846
6848
6848
6849
3005
6849
6853
6854
6855
6855
6858
6860
6860
9689
6863
6864
6864
9785
2755
6867
6868
6869
1627
6869
1436
6871
6871
6873
6875
6875
6875
6876
6879
6881
6881
6881
6882
6883
6885
6886
6887
6887
5484
6891
6891
6893
4001
6896
5314
6898
6898
6899
6900
6900
6900
1131
8986
5236
6909
6910
6913
6913
6913
6915
6917
6917
6919
6920
6924
6925
6926
6927
6928
6928
6928
6928
6929
6930
6931
6931
6935
6935
6936
9559
6941
862
6943
6944
6944
6945
6945
6946
7921
6947
6947
6948
6948
6949
6949
6951
6952
6954
6955
6956
6958
9816
6959
6961
6961
6961
6962
6964
6966
6967
6968
6968
6968
6968
6968
6968
6969
6969
6972
6974
6974
6974
6974
7744
6976
6977
6977
6977
6979
6981
6981
9139
6983
3850
6985
6986
6986
6987
6988
6990
6991
6991
6991
6992
6996
6999
3328
9791
7003
7004
7006
7007
7011
7011
9377
7013
7014
7015
7020
1707
7023
7023
7025
7025
7026
7028
7028
7032
7032
4754
7037
7038
7038
7039
7040
7044
7046
7048
4981
7051
7051
7051
7053
7053
7053
7054
7054
7054
7057
7061
7063
7064
7064
7065
7067
7067
7067
397
7069
7070
7071
7073
7073
7073
7077
7078
7078
7082
7082
7083
7084
7086
7088
2839
7089
7089
7091
7091
7095
7096
7097
7097
7099
7100
7101
7101
7102
733
7106
7108
7109
7109
7112
7114
7115
7115
7116
7116
7117
5443
7118
5538
7119
4682
7121
7123
7124
7124
7126
626
7127
7127
3323
7129
7130
7131
7132
7134
4651
7136
7137
3461
7139
7143
7144
7146
7146
7148
7148
7149
7149
166
7151
7151
7152
7152
7153
7154
7155
7155
7156
7156
7156
7157
7157
7159
7164
7165
7165
7166
3941
1201
7170
7171
7171
7173
7173
7174
7176
7176
7177
7178
7178
7182
7183
7183
7183
7184
7185
7189
7190
7192
5305
7192
7193
7193
7195
7196
7197
7198
7198
7198
7199
7200
7201
7201
7202
9318
9190
7204
7205
4070
7208
7208
7208
7212
7212
7214
7214
7304
7218
7218
7219
7222
7224
7224
7226
7230
7230
7234
7238
7240
7240
7240
7241
7242
7242
7243
7246
7248
7249
7249
7250
7254
7254
7256
7257
7258
7258
1218
7868
7260
7261
7261
7262
29
7266
7269
7269
7270
7270
7272
7273
7274
7275
7275
7276
7276
7278
7279
7279
7281
9491
7284
8164
7286
7287
7287
7288
7288
7289
7289
7512
7291
7292
7292
7295
7296
7296
7299
2343
7302
7303
7303
7303
7304
7216
7304
7305
7305
7307
7307
7308
7309
7311
7312
7313
8297
7316
7316
7316
7318
7318
7320
7323
7327
7327
7328
7328
7329
7334
7335
7336
7336
7337
7337
6333
9092
7339
7339
7340
7340
2859
7343
7344
7347
7348
7348
7348
7349
7350
7352
7353
9938
7354
7357
7360
7360
7361
7361
7362
7363
5408
7364
7366
7366
7367
7368
7373
7373
7375
7376
7377
7379
7380
7380
7380
7571
7381
7382
7382
7382
7382
7385
7387
2125
7390
7391
7393
7393
7393
7395
7396
7398
7399
7399
7399
7399
7403
7404
2905
7405
7406
7408
7408
7408
7410
9259
7413
7415
7417
7417
7418
7421
7421
7423
7423
7424
7425
7427
5802
7428
7430
7432
7432
7432
7432
7432
7433
7434
7434
7434
7434
7435
7438
7440
7443
7444
7445
5470
7445
7446
7447
7447
7447
7448
7448
7450
7451
7452
7454
7454
7455
7458
7458
7459
7462
7463
7464
4153
7464
7465
7468
7468
7470
7471
7473
7473
7474
7475
7475
7477
7477
7478
7480
7481
7482
7483
7484
7487
7490
7490
7491
7493
7494
7494
7496
7499
7500
7500
7501
7501
7502
7503
7503
7506
7506
7507
7508
7509
7509
7510
7510
7511
7511
7512
7290
7513
7514
7516
7517
7518
1799
7521
7522
7526
7526
7526
7527
6214
7529
7530
7530
7530
7531
7533
7533
7535
7535
7535
7537
7537
7537
1460
7542
1586
7544
7544
7545
7545
7546
7546
7546
1612
7549
7550
7550
7550
7552
7552
7553
7554
7554
7556
7557
7557
7557
7559
7565
7565
7567
9338
7568
7569
7570
7381
7571
7575
7576
1921
7577
7578
7578
7578
7579
7580
7582
7583
7583
7584
7584
7591
7593
7599
7599
7600
7600
7602
7603
7603
7604
1289
7607
7609
7609
1051
7609
851
340
7612
7613
7613
7614
7615
7616
7617
3301
7619
7620
7623
7625
7625
7626
7630
5349
7631
7634
7634
7635
7635
7637
7639
7641
7641
7642
7643
7644
6522
7645
7646
7647
7648
7648
7648
7649
7650
7651
7652
7652
7655
7656
7657
7657
7659
7661
7661
7661
7662
7663
7664
7664
7666
7671
7672
7672
7673
7673
7674
7674
7675
7675
7676
7677
7767
7680
7682
7682
7686
7687
7687
7689
7689
7690
7691
7692
7698
7698
7699
7699
7702
270
4710
7704
7705
7709
7710
7711
7712
7713
7713
1931
7715
7716
7716
7716
1774
7718
7719
7719
7719
7722
7722
7724
7724
7725
7727
7729
7730
7731
7732
7733
7206
1998
344
7737
7737
7737
7738
7738
7741
7741
7742
7743
6974
7744
7744
7745
7747
7749
7749
7750
7751
7753
7754
7754
7756
7757
7758
3082
7762
7763
7763
7763
7763
7764
7764
7765
7765
7765
7766
7679
7768
7768
7769
7769
7770
7771
5752
7773
7773
7774
7774
7776
7779
7780
2176
7781
7783
6354
7785
7785
7785
7786
7788
7789
7791
7793
7795
7796
7796
7797
7797
7797
7798
7798
7799
7800
7801
7801
7802
7803
7804
7805
7805
7806
7809
7809
7810
1788
7813
7815
7817
7817
7818
7818
4781
7820
7821
7822
7823
7823
7824
7824
7826
3778
7826
7827
7828
7829
7830
7831
7832
7833
7833
7837
7839
7839
7840
7840
7841
7841
7842
7845
7848
7849
7851
7851
6051
7852
7853
7853
7853
4459
7857
7859
7860
7860
7862
7864
7864
7864
2558
7865
7865
7865
7866
7866
7259
7868
7869
7871
7871
7874
7876
7876
7876
7877
1806
7881
7882
7882
7883
7883
7883
7884
7885
7885
7886
7887
7887
7888
7889
6468
7889
7891
7892
7895
1443
7896
7897
7898
7898
7900
7901
7902
7902
7902
7903
7905
7906
7906
7906
7906
7907
7908
7908
7910
7910
7910
917
7912
7913
7915
7918
7919
7919
7920
7920
7920
6946
7921
7924
7924
7925
7925
7925
7926
7926
6794
6528
7932
7932
7933
7934
7935
7935
7936
7938
3460
7939
7940
7942
7947
7948
7950
7951
7952
7956
7956
7956
7956
7957
9689
2310
7960
7961
7961
7962
7963
7964
7964
7965
7965
7966
7967
9538
7970
4065
7970
7972
7974
5668
7974
7975
7976
7976
7977
7979
7980
7980
7981
7982
7982
7984
7985
7986
7986
7987
7988
7990
7991
7991
7991
7991
7992
7992
7994
7994
7994
7996
7997
7999
9486
8000
8000
8001
8002
8002
8002
8003
8004
8004
8005
8005
215
8006
8008
8407
8010
8011
8011
8012
8014
8015
369
1077
8017
8018
8018
8019
8019
8021
8023
8023
5346
9163
8024
8024
8024
8026
8027
8028
8029
8030
8030
8032
8032
8033
8033
8034
8034
8035
8035
8036
8036
8036
8038
8040
8041
8044
8044
8045
8047
8048
8048
8049
8050
8051
8051
8052
8052
8052
8053
8053
8060
8062
8063
9838
8064
8065
3887
8067
8067
8067
8068
3460
8069
8070
8070
8070
8072
8073
8073
8077
8083
8084
8084
8085
8086
8086
8087
8088
8090
8092
8092
8094
8095
8102
8104
8105
8106
8107
8110
8111
8112
8113
6777
8113
8943
4450
8503
8118
8119
8119
8119
8119
8119
8120
8120
8121
8121
8122
8123
8123
8124
8125
8126
8126
8128
8129
7118
8132
8133
3211
8135
8137
8138
8139
8141
8141
8143
8144
8146
8146
8147
8147
8147
8150
8150
8150
8150
8150
8151
8152
8153
8153
9381
8155
8155
8155
8156
8159
8160
8161
8162
8162
8163
8163
7285
8166
8166
8166
8168
8169
8169
8169
8169
8169
2779
8170
8172
8173
8173
8176
8176
8178
8181
8181
8182
8182
8182
8182
8183
8184
8185
8185
8187
8187
8188
8188
8193
8193
8196
8197
8197
8198
8200
8200
8201
8202
8207
8207
8207
8208
8208
4522
8210
8211
8212
8213
8214
8214
3301
8215
8216
8216
8218
8218
8219
8219
8221
8221
5772
8223
8223
8226
8227
8227
8227
8228
8231
8231
8233
8234
8237
8238
8240
8241
8241
8242
8245
8245
8245
8247
8248
8249
5400
8251
8252
8254
8254
8255
8256
8258
8260
8261
8261
8266
8266
8267
8268
8269
8271
8271
8272
8275
8275
8278
8278
8279
8279
6026
8281
8282
8282
8283
8285
8286
8286
8286
8287
8287
8287
8288
8291
8294
5401
8295
8296
7315
8297
8298
8298
8299
8299
8302
8302
8304
7117
2397
8307
8307
8307
8308
8309
8310
8310
8311
8312
8313
8313
8313
8314
8314
8315
8315
8316
8318
8318
4499
8319
8319
8319
61
8323
9412
8326
8326
8326
8327
8328
8330
8332
5696
8334
8336
8337
8337
8338
8339
8339
8340
8340
8342
8343
8345
8346
3789
8348
8350
8351
8352
8352
8908
8353
8353
4400
8357
8357
8357
8359
8359
8362
8363
5152
8366
8368
8369
8369
8369
8370
8371
8372
8374
8374
8377
8379
8379
8379
8381
8383
8384
8385
8387
8387
8388
8391
8391
8391
5487
8392
8393
8393
8395
8397
187
8399
8400
8400
8401
8402
8403
8406
8009
8408
8409
8410
8411
8412
8413
8414
8415
1926
8416
8417
8418
8420
8420
8420
4151
8421
8421
8422
8422
8423
8423
5554
8427
8427
8637
8429
8430
8432
8433
8433
8433
8433
8434
8435
8436
1380
2821
8443
8445
8445
8446
8448
8449
8451
8452
4355
8455
8456
8457
8457
8458
8458
8460
8460
8460
8461
8461
8462
8463
8466
8466
8467
8467
8469
8471
9479
8474
8474
8474
8477
8477
8479
8480
8480
8482
8484
8485
8486
8487
8488
3692
8490
8491
8491
8492
8492
8492
8492
8495
8497
8498
8499
8500
8502
8502
8503
2319
8503
6546
4586
8507
8507
8508
8508
8509
8510
8512
8513
8514
8514
8515
8518
8518
8519
8520
8520
8520
8521
8521
8525
8526
8528
9098
8529
8531
8531
8532
8532
8532
8532
8533
8533
8534
8534
8535
8536
8538
8538
3677
8539
8539
7120
8541
8544
8545
8546
8546
8546
8551
8551
8552
8554
6832
8557
8562
8563
8564
8566
8566
8567
8568
8572
8573
8574
8574
8574
8577
8577
8580
8584
8584
8584
8585
8585
8585
8587
8589
8590
8591
8592
8592
8595
8595
8595
8596
8599
8599
8600
8602
8603
8608
8609
8610
8610
8611
8613
8613
8613
8614
8616
8618
8619
8621
8621
8621
8624
8624
5649
1126
9619
2311
8627
8630
8630
8630
8631
8632
8633
8634
8635
8636
8637
8637
8429
8640
8641
8641
8641
8642
8643
8646
8646
8646
8646
8648
3044
8649
8650
3511
8650
8651
8653
8653
8655
8656
8658
8658
8659
8660
8660
8661
8662
8663
8664
8665
2823
8667
8667
8667
8669
8671
8671
8671
8672
8672
9125
8674
8674
8676
8676
8677
8678
8678
8679
8679
8681
8681
8681
8682
8684
8684
6748
8689
8690
8690
8691
8691
8691
8693
8693
8693
8695
9752
8697
8697
8699
8700
8705
8706
8706
8707
1823
8709
8710
8710
8710
8711
8713
8713
1095
8716
8717
8717
8718
8719
4956
8722
8722
8723
8724
4068
8725
8725
8725
8728
8728
8729
8730
8731
8732
8734
8734
8734
8734
8736
8736
8737
8738
8740
8741
8747
8750
8750
8751
8753
8754
8755
851
9481
8758
8759
8760
8761
8762
8763
8764
8765
8766
8766
8769
8770
9612
8774
8774
8774
8775
8777
8779
8779
8779
8781
8781
8782
8782
4350
9226
8787
8788
8788
8789
8789
8790
8790
8792
8792
8792
8793
8793
8794
8795
8795
8795
8796
8797
8799
8799
8800
8801
8802
8803
8804
8804
8806
8807
8807
8811
8811
8812
8813
8813
8813
8814
8814
8814
8817
8817
8818
8818
8819
8819
8821
8821
8821
8823
8823
8823
8824
8826
8827
8827
8827
8898
8827
8827
8828
8829
8830
8831
8832
8834
8835
8835
8835
8837
8837
8839
8839
8839
8842
8843
8843
8843
8844
8844
8845
8845
8845
8846
8846
8847
8848
8849
8849
8849
8850
5047
8851
8851
8852
8853
8855
8856
8857
8857
8857
8857
8858
8858
8859
9960
8860
8861
8862
8863
1164
8866
8866
8866
8866
8868
8869
8869
1535
8872
8872
6343
8876
8877
8880
8881
8883
5476
8884
8886
8886
8887
8887
8889
8891
8892
8893
8895
8897
8827
8898
8898
8899
8899
3275
8900
9932
9309
8907
8907
3165
8908
8910
8910
8911
8913
8914
8914
8915
8915
8917
8917
8919
8919
8919
5891
8920
8921
8921
8922
8924
8924
2081
8925
8925
8928
8928
8929
8933
8934
8934
8934
8935
8936
8937
8938
8939
8115
8943
8943
8943
8945
8946
8946
8946
8947
2143
8949
8951
5908
8952
8954
8954
8956
8987
8957
8958
8958
8959
8959
8961
8961
8961
8962
8964
8964
8964
8964
8964
8964
8966
8966
7630
8967
8968
8970
8970
8971
8972
8972
5579
8975
8977
8977
8979
8979
8982
3089
8986
8957
8987
8987
4663
8990
8990
3971
8992
8992
8993
8993
8994
8995
8995
8996
8996
8996
8998
8999
9001
9001
9002
9002
9003
9005
9005
9009
9013
9015
9017
9017
9018
9018
9018
9018
9019
9019
9020
9020
9021
9022
9025
9026
9026
9027
9029
9029
9030
9031
9033
9034
9034
9035
9035
9038
9038
9039
9040
2713
3964
9044
9046
9050
9051
9054
9054
9055
9059
6081
9061
9061
9062
9063
9065
9066
9067
9069
9070
9071
3065
9071
9071
9074
9077
9078
9078
9080
4681
9083
9084
9084
5197
9089
7339
9092
9094
9096
9097
9097
8528
2407
9099
9099
9099
9100
9100
9101
9103
9105
9105
9105
9107
9108
9109
9110
9110
9110
9111
9111
9113
9113
9114
9114
9115
9116
9117
9118
9122
9123
9124
9124
8672
9125
9126
9126
9126
9126
9127
9127
9129
9129
9130
3582
9133
9137
9137
9138
6982
9139
9140
9140
9140
9141
9143
9146
9147
9148
9148
9151
9152
9152
9152
5852
9154
9155
9157
6438
9158
9159
9160
9161
8024
2069
9165
9166
9167
9169
9169
9170
9171
9171
9171
9174
9175
9175
9176
9177
9178
9179
9180
9180
9180
9181
9181
9183
9185
9187
9188
9188
9189
9190
4926
9191
9193
9193
9196
9197
9199
9200
9203
9205
9206
9206
9206
3697
9207
9208
9209
9212
9214
9215
9215
9216
9216
9217
9219
9219
9220
9220
9220
9220
9223
9224
9224
9224
8786
9226
9228
9230
9230
9230
9230
9230
9232
9232
9232
9233
9235
9235
9236
9236
9238
9238
9239
9239
9240
9241
9242
9242
9242
9242
9247
9251
1382
9256
9256
9257
9257
4082
9261
9261
9261
9261
9263
9263
9263
9263
9264
9264
9268
9268
9269
9269
9269
9270
9272
9272
9272
9274
9274
9276
9276
9277
9277
9277
9278
9279
9282
9283
9285
9286
9287
9288
9289
9289
9289
9289
9289
9291
9292
9295
9302
9303
9303
9304
7818
8904
9309
9310
9313
9313
9315
9315
9316
7202
9319
9319
9320
9320
9321
9322
9323
9323
9323
9323
9324
9324
9326
9328
9328
9328
9329
9331
9331
91
1058
9333
9333
9335
9335
9336
9337
9337
7567
9339
9341
9341
9342
9342
9343
9345
9346
9347
9348
9348
9348
9348
9348
9349
9350
9351
9351
9355
9356
9356
9357
9359
9360
9361
9361
9362
9363
9364
9364
9367
9368
9368
9369
9370
9372
9373
9374
7013
9377
9378
2257
8154
9382
9382
9385
9386
9386
9387
9388
9388
9389
9391
6795
9634
9395
9395
9396
9396
9397
9397
9399
9399
9400
9401
9402
9405
9406
9406
9406
9408
9408
9410
9411
8325
9412
9413
9414
9414
9415
9415
2771
9419
9419
9420
9420
9421
9421
9422
9422
9423
9424
9426
9429
9430
9430
9430
9431
9431
9431
9432
9433
9435
9435
9436
9436
9437
9438
9439
9439
9480
9441
9443
9444
9445
9445
9445
9446
9447
9449
9451
9451
334
9452
9456
9457
9457
9457
9458
9459
9460
9461
9461
9463
9463
9464
9467
9468
9469
9469
9470
9471
9472
4278
9477
9477
9478
8471
9441
9480
9480
8756
9481
9482
9482
9483
9483
9483
9484
9485
9486
7999
9486
9487
9487
9488
9488
9490
9490
7282
9492
9492
9492
9493
9493
9493
9494
9498
9500
9504
9505
9505
9508
9508
1131
9510
9510
5345
9514
9516
9516
9517
9517
9518
9518
9518
9519
9523
9524
9524
9524
9837
9527
9527
9527
9527
9527
9528
9529
493
9530
9530
9532
9533
9533
9537
9537
7967
9544
9545
9546
9546
9546
9547
9547
9549
9551
9552
9553
9554
4001
9558
6936
9560
9560
9563
9563
9565
9565
9566
9567
9569
9570
9572
9574
9575
9577
9577
9578
9582
9583
9584
9584
9584
9584
9585
9586
9587
9587
9588
9588
9591
9592
9593
9594
9595
9596
9597
9598
9598
9599
9600
9602
5459
9603
9604
9607
9608
9609
9610
8773
9614
9615
9616
9616
9616
9618
9618
9619
8627
9620
9620
9622
9623
9624
9624
9625
9625
9625
9626
9626
9626
9627
9627
9628
9629
9632
9632
9633
9634
769
9634
9636
9636
9639
9640
9641
9643
9645
9647
9648
9648
9649
9649
9652
9653
9654
9656
9657
9660
5256
9662
9663
9664
9664
9666
9666
9667
3076
701
9669
9669
9670
9672
9672
9673
9674
9675
9675
9676
9677
9679
9679
9681
9682
9686
9687
9687
6861
7958
9690
9691
3185
4695
9696
9697
9697
9697
9699
9699
9699
9699
9701
9707
9707
9711
9711
9712
9712
9713
9717
9719
6241
9720
9722
9723
9723
9724
9725
9725
3041
9730
9732
9734
9734
9738
3818
9739
9740
9741
9744
9744
9745
9745
9745
9745
9746
9747
9747
9748
9748
9749
9749
9749
5262
9750
8696
9753
9753
9754
9754
9755
9755
9755
9756
9757
9760
9762
9763
9764
9765
9767
9768
6157
9769
9769
9771
9771
9772
9773
9775
9777
9779
9779
9780
9780
6865
9785
9785
9788
9789
9790
9790
9790
9791
7001
9792
9794
9794
5731
9797
9797
9799
9800
9800
9802
9802
9805
9806
9807
9807
9808
9808
9808
9809
9809
874
9809
9810
9811
9811
9811
9811
9813
9813
9815
6958
9817
9817
9819
9820
9824
1674
636
9826
9827
9828
9830
9832
9834
9835
9836
9837
9527
9837
9838
8063
1536
9840
9840
9841
9841
9842
9845
9845
9847
9847
9849
9849
9850
9850
9850
9850
9851
9852
9852
9853
9854
9854
9855
9856
9856
9856
9857
9861
9862
9862
9863
9864
9864
9866
9867
9871
9871
9872
9872
9873
5085
9874
9875
9875
9876
9877
9879
9879
9879
9880
9882
9883
9885
9885
9886
9888
9891
9891
9892
9893
9893
9894
9895
9898
9898
9900
9900
9900
9901
9901
9903
9905
9906
9906
9908
9910
9910
9912
9913
9916
9919
9921
9922
9922
2444
9925
4420
9929
9931
2583
9933
9933
9934
9938
7354
6533
6482
9943
9945
9945
9945
9946
9948
9949
9950
9951
9952
9953
9954
9954
9954
8859
9955
9958
9959
9959
9959
9960
5054
9962
9962
9963
9965
9965
9967
9968
9969
9970
2134
9974
9975
9976
9977
9978
9978
9981
9982
9984
9984
4115
9987
2517
9992
9992
9992
9993
9993
9993
9993
9997
105
10000
10000
