8241
9
14
16
17
19
19
21
4141
24
24
29
30
31
34
35
35
35
3190
5090
37
39
41
41
4242
48
53
54
56
59
60
754
62
64
67
2067
69
72
77
78
78
82
85
90
90
100
100
101
111
118
120
128
128
132
132
2731
135
138
138
141
146
147
148
148
150
150
154
154
161
166
170
170
2393
172
174
176
176
177
180
181
182
183
187
187
190
192
193
197
197
199
200
201
202
204
214
215
218
226
228
229
230
237
237
238
240
240
3647
244
247
249
253
253
3007
259
259
260
266
6619
277
280
284
287
287
2291
290
291
295
296
297
300
3371
7867
304
305
308
313
315
8176
320
329
333
334
335
336
336
337
339
340
343
345
351
6796
358
359
359
360
362
365
367
368
371
371
373
374
377
377
379
381
381
384
385
388
389
394
399
400
2849
406
406
408
411
413
414
417
418
418
419
2039
420
421
424
428
428
428
429
9249
434
438
439
441
444
2155
7576
447
448
454
456
459
461
462
466
467
476
478
478
483
484
487
488
489
489
491
5589
495
496
497
9214
498
500
504
505
506
5663
508
510
510
514
515
5107
519
521
5146
523
524
9790
531
534
5143
536
2660
543
543
545
550
550
551
553
553
557
557
562
7784
4731
570
571
574
574
575
581
584
584
586
598
600
600
601
603
604
610
611
616
617
619
623
625
625
9959
628
629
634
635
638
638
647
647
649
652
653
658
668
4878
668
670
671
673
9453
684
688
689
692
692
694
695
696
696
698
700
702
703
706
711
723
723
726
726
728
729
733
733
733
734
735
737
741
742
742
745
745
746
746
749
749
750
750
8998
751
3662
753
60
755
756
757
757
759
763
763
2574
766
766
767
771
774
774
775
775
781
2375
784
789
789
798
799
801
801
805
807
812
814
815
1274
7298
820
822
823
824
826
827
834
836
837
837
841
846
846
850
850
853
853
855
855
858
859
1746
864
872
4085
877
879
879
879
880
952
886
888
890
890
891
893
893
894
895
3566
899
900
900
904
905
905
909
911
912
920
920
922
922
925
926
926
928
933
933
934
936
936
937
937
938
938
944
1148
947
2414
3875
952
956
956
959
961
966
6388
966
966
967
967
967
968
969
969
971
973
974
978
983
2277
3417
987
998
999
999
1002
1002
1005
1006
1008
1009
1010
1011
1020
1032
1032
1033
1033
1034
1035
1037
1038
1038
1039
1041
1046
1049
1050
1050
1061
1061
1062
1063
1069
1072
8167
1086
1087
1088
1088
1091
1092
1093
1093
1094
1094
1097
1101
5235
1107
3501
9947
1113
1114
1117
1117
1120
1123
1127
1129
1130
1134
1135
1135
1137
1139
1139
1143
1143
1147
945
1148
1148
1150
1158
1165
1167
1172
1172
1172
1175
1176
1182
1185
1186
1187
1188
1189
1189
1189
4432
1191
1191
1195
6665
1198
1199
1208
1209
1211
1211
1213
1218
1218
1220
1223
1225
1225
1227
1229
1235
2052
1245
1248
1252
1252
1254
1255
1257
1257
1261
1263
1263
1272
816
1274
9712
3370
1286
1289
1290
1291
1293
1799
1304
1304
4618
1312
1318
1322
1327
1327
1328
1332
9093
1343
1345
1347
1347
1348
1353
1355
1357
1358
1359
1364
1367
1369
1370
1373
1375
1375
1377
1380
1383
1384
1392
1396
1398
1404
1406
8845
1408
1413
7325
1417
1419
1420
1424
1424
1425
1427
1427
8709
4661
1430
1431
1434
1437
1443
1444
1446
1447
1454
1455
1460
1461
1461
1471
1472
1475
1475
1475
5081
1478
1479
4544
1484
1485
1486
1490
1492
9936
1501
1502
1506
1508
1509
7446
1514
1515
1520
1521
1524
1526
1529
1531
1531
1534
1536
1538
1539
1539
1542
1543
9005
1551
2117
1553
1554
1555
1557
1557
1560
1563
1568
1569
523
1575
1578
1578
1579
1583
1586
1586
5009
1591
1594
1595
1595
1602
1605
1608
1609
1612
1614
1615
1616
1616
1618
1621
1621
1635
1640
1641
1641
1641
1643
1646
1648
1649
1651
1655
1655
1658
1658
1659
1660
1663
3111
1667
1668
1669
7145
1673
1674
1677
1677
1678
1679
1681
1682
1684
1688
1688
1689
1691
1691
1692
1694
1694
1695
1695
1696
1699
1699
1703
1712
1713
1714
1718
1721
1721
1728
1731
1732
2758
1732
1736
1737
1738
1738
1741
1745
861
1748
1748
1750
1752
1755
1756
1761
1763
1764
1766
1768
1770
1772
1776
1778
1780
1781
1791
1792
1792
1794
8368
1798
1299
1799
1799
1799
1800
1801
1801
1802
7933
1803
1804
1806
1807
1808
1813
5759
1816
1817
2248
1821
1830
1833
1836
1837
1840
1842
1844
3627
1847
4577
1850
1850
1851
1851
1852
1853
3172
1857
1858
1859
1863
1864
1865
1946
1875
1875
1876
1887
1889
1892
1892
1893
1894
2283
1900
1906
1906
1914
1915
1916
1916
1917
9277
1918
1919
1921
1923
1924
9186
1932
1932
1933
1933
8146
1934
1936
1938
1866
1947
1949
1950
1952
1954
1954
1955
1956
1961
1967
1969
1970
1971
1975
1975
1978
1979
1982
1986
1987
1990
1991
1994
2000
2002
2006
9707
2015
2016
2017
2020
2021
2022
2023
2023
2026
2028
2029
6754
5091
419
2039
2042
2044
2046
2047
2050
2051
2051
2052
1240
6287
2056
2058
2059
2060
2062
2062
2064
2065
2066
69
2076
2076
3449
2076
2079
2080
2084
2086
2088
2089
2090
2094
2095
2097
2098
2100
2102
2105
2106
2109
2110
2111
2114
2114
2114
2114
1552
2118
2119
2120
2120
2123
2128
2132
8035
2135
2136
2137
2138
2141
2141
2142
2146
2150
2152
445
2155
2157
2159
2161
2162
2164
2165
2166
2168
2171
2174
2180
2181
2181
2185
2190
2190
9348
2195
2196
2196
2196
2200
2206
2206
2206
2209
2210
2211
2213
2216
2219
2220
2225
2226
2228
2231
2231
2235
2238
2241
2243
2244
5807
2250
2250
2252
2255
2256
2257
8754
3299
2266
2270
2276
2276
984
2280
2280
2280
2282
2282
1897
2283
2284
2285
2286
8269
289
2292
2293
2297
2301
2301
2302
2308
2309
2313
2316
2316
2322
2323
2324
2326
5638
2331
2331
2332
2334
2336
2339
2343
272
2348
2348
2350
2352
2354
2355
2357
2360
2368
2370
784
2375
2376
2382
2382
2386
2388
2390
2390
171
2395
2404
2406
3699
2409
2411
8497
2417
2417
2420
2422
2425
2428
2429
2429
2429
2431
2433
2435
2437
2438
2439
2439
2440
2443
2446
2448
2448
2449
2452
2454
2455
2456
2460
2460
4990
2465
2472
2475
2475
2478
2479
2480
2485
2492
2493
2493
2494
2495
2496
2498
2501
2504
2506
2509
2510
3834
2511
2517
2519
2520
2522
2525
2528
7194
2533
2533
2536
2537
2537
2542
2542
2545
2545
2547
2550
2552
2553
2554
2560
2562
2562
2564
2564
2567
2567
2567
2569
2569
2574
764
2575
2576
2578
2579
2580
2583
2584
2587
2588
2589
2589
2590
2590
2590
2592
2593
2594
2594
2596
2599
2602
2604
3267
2607
2609
2610
2611
2612
2615
2618
2619
2620
2620
2622
2623
5489
7886
2625
2629
2630
2634
2635
2635
2635
2635
2638
2638
2642
3093
2645
2648
2652
2654
2658
540
2662
2666
2668
2670
2675
2675
2676
2676
6567
2684
9393
2686
2688
2689
2689
2691
2691
2694
2694
2695
2696
2697
2698
2698
2702
2707
2711
2724
2727
2728
2729
2729
2731
133
2732
2734
2735
2740
2741
2743
2745
2745
2747
2750
2754
1732
4817
2760
2763
7569
2767
2768
2768
2769
2770
2770
2771
2774
2775
2776
2777
5048
2779
2779
2784
2785
2788
2792
2796
7757
2797
2798
1278
2801
2802
2807
2807
2807
2809
2810
2811
2811
2811
2813
2814
2814
2816
2817
2817
2821
2824
2825
2828
6577
2835
6399
2836
2838
2844
2846
2848
2849
404
2851
2853
2855
2856
2856
2856
6368
2858
2868
2869
2869
2872
2874
2879
2882
3432
2885
2886
2890
2891
2896
2899
2900
2901
2902
2903
2907
2911
2915
2917
2925
2925
2926
2926
2928
5485
2931
5230
3538
3109
2938
2940
2941
2951
2952
2953
2954
2954
2954
2955
2959
2961
2961
2964
2967
2967
2969
2974
2975
2975
2975
2976
2978
2979
2982
2986
2989
2991
2992
2992
2992
2999
3007
3007
258
3015
3019
3019
3019
3022
3024
3025
3030
3030
3038
3039
3039
3039
3042
3042
3043
3044
3048
3049
3050
3051
3051
3053
3055
3055
3056
3058
3062
3063
3064
3067
3072
3074
3074
3076
3078
3078
3079
3079
3081
3087
3087
3087
3090
3948
3091
2644
3096
3096
3103
3106
3107
2935
3111
4433
3115
3116
3116
3117
3117
3121
3125
3126
3130
3135
3135
3135
3136
3136
3137
3142
3144
3145
3145
3148
3150
3150
3151
3151
3153
9159
3159
3159
3163
3164
3165
3166
3170
3171
3171
1853
3173
3173
3174
3174
3176
3179
8405
3179
3181
3182
3188
36
3191
3192
3192
3193
3199
3201
3202
3203
3210
3211
3217
3217
3223
3223
3225
3226
3226
3227
3227
3228
3229
3233
3238
3240
3244
3245
3245
3245
3248
3248
3249
3250
3800
3255
3257
3258
3261
2606
3268
3675
3275
3278
3281
3285
3285
9214
7724
3288
3289
7988
3294
3295
3297
2264
3300
3311
3311
3312
3314
3319
3321
3321
3327
3329
3336
3337
3340
3340
3345
3348
3353
3356
3356
3357
3358
3359
3361
3362
3365
3367
8129
1285
3371
3371
3371
302
3373
3375
3376
3377
3377
3381
3381
3383
3383
3383
3387
3388
3388
3390
3392
3393
3393
3394
8909
3411
9206
3413
987
3421
3422
3422
3431
2882
3434
3437
3437
3438
3441
3442
3443
3444
3445
3448
2076
3454
3454
3455
3456
3459
3463
3465
3466
3467
3469
3471
3480
3480
3485
3486
3488
3489
7183
3491
3493
3495
3495
3495
3500
1108
3502
3504
3507
3507
3513
3517
3517
3517
3517
3518
3519
3520
3523
3527
3530
3532
3534
3537
2935
3538
4043
3545
3546
3551
3552
3555
9265
9960
3563
6703
3567
3569
3571
3571
3577
3578
3579
3579
3580
3580
3580
3581
3581
3585
3585
3588
3589
3593
3598
3599
3600
3604
3606
3607
3609
3609
3610
3611
3616
5364
3620
3621
3622
3622
3624
1847
3632
3636
3637
3638
3641
3641
3642
3647
243
8272
8623
3654
3655
3660
8833
3667
3667
3667
3669
3671
3672
3672
3268
3677
1190
3685
3685
3688
3688
3691
3696
3698
3698
2409
3700
3703
3705
3707
3708
3710
3714
3714
3718
3718
3719
3725
3728
3729
3730
3730
3730
3732
3735
3736
3737
3738
3740
3741
3741
3741
3745
3745
3746
5415
3754
3758
3763
3765
3766
3771
3771
3773
5011
3780
3782
3785
3787
3788
3790
3790
3792
3796
5167
3254
3801
3801
3803
3807
3807
3807
3809
3810
3814
3815
3817
9614
3822
3823
3827
3829
3829
3830
3830
3832
5110
2510
3836
3837
3838
3841
3842
3843
3844
3846
3847
3848
3853
3853
3856
3856
3857
3857
3858
3861
3861
3863
3865
3867
3870
3871
3871
3872
3872
3873
881
3875
3875
3878
3878
3880
3883
3884
3886
3887
3889
3891
3893
3903
3907
3914
3924
3928
3934
3936
3937
3938
3939
3940
3941
3942
3944
3944
3945
3947
3091
6151
3953
3954
3955
3962
3966
3969
9907
3971
3971
3974
3975
3975
3975
3976
3977
3977
4848
3981
3985
3988
3988
3988
3991
3991
3995
3999
4002
4006
4006
7141
4012
4013
4014
4024
4025
4025
4026
4032
4032
4033
4033
4034
4040
4042
3542
4045
4045
4048
4049
4057
4057
4727
4062
4067
4070
4071
4073
4073
9567
4075
4076
4082
4084
874
4085
4085
4087
4088
4093
4094
4096
4097
6061
4100
4106
4109
4113
4116
4116
4117
4120
4122
4125
8963
4128
4129
4130
4134
4137
4141
23
4143
4146
4152
4152
4153
4153
4153
4154
4159
4159
4161
4161
4165
4165
4166
4168
4171
4171
4171
4172
7509
4176
4177
4178
4194
4196
4196
4199
6169
4199
4202
4208
4208
4210
4212
4213
4214
4218
4218
4219
4221
4223
6414
4228
4228
4230
4231
4231
4234
4238
4240
4240
4240
47
4246
4246
4247
4248
4250
4252
4254
4801
4258
4263
4264
4265
4266
4268
4270
4273
4274
4275
4283
4283
4284
4287
4291
4293
4297
4297
4299
4302
4303
4304
7474
4307
4309
4309
4311
4311
4312
4312
4313
4316
4318
4319
4319
4320
4323
4325
4329
4330
4332
4335
4336
7340
4337
4337
4338
4341
4345
4346
4346
4352
4353
4354
4357
4358
4359
4360
4360
4361
4364
4365
4365
6444
4368
9448
4369
4376
4377
4377
4382
4382
4382
4383
4394
4395
4399
4405
4406
4409
4411
4414
4414
4417
4420
4423
4428
4428
8642
4432
1667
4434
4435
4437
4437
4437
4440
4443
8575
4446
4446
4448
4449
4450
4453
4456
4459
5983
4461
4463
4467
4467
4469
4474
4476
4477
4481
4482
4483
4483
4487
4491
4493
4493
4496
4496
4500
4502
4503
4504
4504
4505
4509
4510
4520
4522
4525
4530
4531
8912
4534
4535
4536
4541
4544
1482
9347
4550
4550
4551
4553
4553
4553
4555
4555
4558
4559
4560
4560
4563
4563
4564
4568
4568
5445
4570
4571
4572
4575
1848
4577
4578
4582
4591
4592
4597
4599
4601
4604
5739
4606
4612
1311
4618
5707
4623
4625
4625
4627
4634
4635
4635
4635
4905
4641
4641
4642
4645
4646
4648
4648
9903
4657
4659
4660
1430
4666
4667
4670
4670
4672
4672
4674
4677
4683
8171
4684
4684
4685
4686
4688
4688
4689
4693
4697
4698
4699
4700
4703
4704
4708
4710
4710
4712
4712
4715
8378
4717
4718
4719
4719
4723
7030
4724
4726
4060
4728
4729
566
4733
4734
4735
4743
4746
4746
4746
4747
4750
4751
4753
4757
4764
4764
4767
4772
4774
4776
4777
6694
4782
4785
4785
4788
5553
4790
4791
4792
4794
4794
4795
4795
4798
4799
4254
4802
4802
4804
4806
4813
2758
4818
4819
4820
4823
4824
4824
4825
4825
4826
4826
4827
4840
4846
7532
4849
3
8119
4852
4853
4853
4854
4854
4857
4859
4861
4862
4863
4864
4869
4871
4874
4876
668
4882
4882
4884
4887
4887
4887
4887
4895
4896
4896
4898
4898
4898
4898
4903
4904
4905
4636
4908
4913
4914
4914
4918
9687
4922
4925
4925
4928
4929
4933
4933
4933
4936
4937
4942
4948
4954
4954
4956
9153
4958
4959
4962
4962
4962
4966
4968
4969
4969
4970
4972
4973
4974
4974
4974
4975
4976
4981
4981
4981
4982
4985
4986
4988
2462
4992
4992
5791
4993
4993
4997
5001
5007
5008
1588
5009
3776
5012
5014
5019
5021
5025
5030
5030
5031
5032
5033
5036
5037
5038
5039
5041
5042
2778
5054
5061
5062
5071
5074
5080
5080
5080
1477
5087
36
2038
5093
5093
5096
5098
5098
5100
5100
5106
515
3833
5111
5112
5113
5113
5119
5121
5125
5126
5126
5127
5127
5128
5130
5130
5138
5138
5140
5142
535
5144
1572
5149
5156
5158
5160
5162
5163
5164
3798
8533
5172
5173
5174
6425
5176
5178
5179
5179
6396
5184
5185
5191
5194
5197
5198
7688
5205
5206
5207
5212
5212
5214
5215
5222
5223
5224
5225
5225
5225
5227
5227
5229
5229
2933
5231
5231
5233
1103
5237
5237
5238
5240
5244
5244
5247
5250
7320
5252
5253
5253
5256
5258
5261
5261
5262
5265
5269
5270
5271
5273
5276
5276
5276
5276
5278
5280
8254
5284
5286
5290
5294
5296
5297
5299
5299
5300
5302
5302
5303
5311
5313
5314
5316
5317
5325
5325
5327
5329
5329
5331
5331
5332
5334
5335
5336
5341
5342
5343
5346
5348
5351
5353
5353
5355
5356
5358
5360
5361
5362
3616
5365
5369
5369
5371
5373
5377
5377
5379
5381
5382
5384
5387
5391
5398
5400
5401
5404
5406
5411
5412
5413
5413
5414
5415
3746
5419
5425
5425
5425
5425
8594
5429
5433
5437
5443
4568
5445
5448
5450
5458
5458
5464
5465
5468
5471
5473
5474
5476
5478
6011
5485
5486
5487
7605
5489
5490
5490
5494
5495
5496
5497
5497
5499
5501
5501
5501
5503
5504
5505
5509
5511
5512
5513
5513
5514
5514
5514
5516
7480
5517
5518
5518
5518
5521
5521
5522
5522
5523
5527
5529
5529
5532
5532
5534
5534
5536
5536
5537
5538
5543
5546
5550
5552
4790
5563
5572
5574
5575
5576
5576
5578
5579
5580
5581
5583
5585
5586
5588
494
5595
5598
5600
5607
5612
5717
5615
5616
5617
5620
5622
5624
5626
5626
5626
5627
5629
5630
5630
5635
5635
2326
5639
5640
5640
5643
5643
5643
5647
5647
5649
5650
5652
5653
5654
5657
5659
5659
5660
508
5663
5663
5665
5669
5669
5671
5673
5673
5674
5674
5675
5678
5686
5686
5687
5688
5689
5689
5690
5697
5903
5704
5705
5705
4619
5716
5613
5717
5718
5720
5720
5720
5728
5729
5735
5737
5738
5739
4605
5743
5746
5756
1814
5764
5768
5769
9082
5775
5778
6834
5779
5782
5784
5785
5786
5787
4993
5799
5799
5806
5806
1820
8780
5810
5811
5813
5815
5818
5819
5820
5821
5825
5826
5827
5829
5829
5832
5832
5832
5834
5838
5839
5839
5841
5843
5844
5844
5845
7964
5852
5852
5853
5854
5855
5855
5856
5863
5863
5864
5871
5871
5873
5874
5874
5877
5882
5882
5886
5886
5890
5892
5892
5893
5895
5899
5698
5906
5907
5907
5907
5907
5909
5910
5911
5912
5916
5921
5923
5923
5926
5928
5931
5934
5934
5937
5945
5948
5949
5951
5952
5956
5959
5959
5960
5960
5962
5975
5975
5976
5977
5980
5980
4460
5984
5986
5987
8791
5992
5993
5994
5995
6000
6001
6002
6006
2930
6012
6012
6013
6015
6018
6021
6022
6026
6028
6029
6032
6036
6036
6039
6039
6041
6042
6044
6045
6048
6054
6056
9192
6060
4100
6063
6066
6068
6069
6072
6075
6078
6079
6080
6080
6082
6083
6086
6090
6098
6098
6100
6102
6103
6104
6105
6111
6112
6114
6114
6116
6118
6119
6124
6124
6124
6127
6129
6131
6135
6139
6144
6144
6148
6149
6150
6150
6151
6151
3952
6151
6151
7259
6152
6153
6155
6156
6157
6157
6158
6161
6164
6164
4199
6173
6178
6186
6188
6191
6194
6194
6195
6196
6198
6199
6199
6200
6205
6206
7670
6207
6208
6209
6211
6212
6211
6217
6217
6217
6218
6218
6218
6219
6221
6224
6224
6227
6228
6228
6230
6231
6236
6241
6247
6247
6249
6249
6249
6250
6252
6254
6254
6255
6258
6258
6261
6263
6264
6264
6265
6266
6267
6268
6269
6269
6271
6271
6272
6281
6282
6283
6284
6286
2055
6291
6291
6294
6294
6296
6298
6302
6303
6304
6305
6310
6310
6311
6311
6312
6312
6313
6318
8021
6319
6320
6321
6329
6330
6336
6342
6343
6345
6350
6353
6354
6355
6357
6364
2857
6369
6372
6373
6375
6377
6378
6382
6384
6386
966
6388
6389
6390
6391
7338
6396
5180
6397
2836
6399
6400
6401
6408
8917
6410
6410
6412
4226
6417
6418
6418
6419
8293
6422
6423
5174
6427
6429
6429
6435
6436
6438
4366
6444
6448
6448
6449
6819
6451
6452
6457
6458
6460
6461
6462
6462
6462
7645
6467
6467
6477
6481
6486
6487
6493
6494
6494
6495
6496
6498
6500
6504
6504
7517
6517
6518
6521
9306
6530
6533
6537
6537
6542
6543
6544
6546
6549
6549
6549
6550
6550
6554
6554
6554
6554
6556
6556
6558
6562
6564
6565
6566
2678
6569
6573
2829
6577
6579
6582
6587
6589
6598
6602
6614
6614
6615
6616
6617
6618
2347
5201
6624
6626
6628
6628
6628
6630
6646
6649
6652
6654
6659
6662
6665
1196
6671
6672
6672
6675
6676
6679
9958
6682
6684
6687
6690
6691
6693
9189
6695
899
6704
8439
6713
6714
6715
6718
6720
6722
6723
6727
6728
6730
6731
6732
9211
6735
6741
6741
6744
6747
6747
2033
6757
6764
6768
6768
6957
6776
6777
6782
6782
6782
6787
6790
6791
6791
6795
6795
358
6799
6799
6801
6807
6811
6811
6811
6813
6817
6449
6822
6827
6830
6832
6833
5778
6835
6841
6845
6845
6848
6849
8456
6851
6851
6852
6857
6860
6861
6861
6862
6862
6863
6874
6875
6878
6878
6879
6882
6890
6893
6895
6898
6899
6900
6901
6901
6911
6911
6912
6913
6914
6916
6916
6916
6917
6918
6918
6919
6919
6919
6921
6927
6934
6938
6941
6944
6944
6945
6945
6948
6949
6951
6952
6955
6772
6959
6961
6961
6962
6963
1926
6964
6965
6968
6969
6971
6971
6972
6980
6980
6982
6982
6984
6985
6986
6987
6989
6989
6993
6995
6997
6999
7003
7008
7009
7011
7014
7015
7021
7022
7022
7023
7707
7027
7027
4723
7030
7033
7034
7035
7037
7041
7046
7047
7054
7301
7055
7056
7057
7060
7062
7063
7064
7065
7068
7072
7073
7074
7076
7081
7086
7087
7087
7087
7090
7090
7095
7099
7099
7100
7104
7107
7108
7110
7111
7112
7113
7114
7116
7117
7118
7126
7128
7131
7134
7136
7136
7137
7138
7139
7140
4011
7143
7144
1671
7145
7149
7151
7151
7151
7153
7153
7154
7155
7161
7165
7166
7168
7168
7174
7177
7179
7182
3489
7183
7185
7189
7192
7192
7192
7194
8853
7197
7199
7204
7206
7206
7207
7208
7209
7210
7211
7212
7213
7217
7219
7225
7227
7228
7230
7232
7233
7236
7236
7236
7237
9662
7244
7246
7250
7252
7254
7255
7259
6152
7261
7261
7261
7262
7263
7265
7265
7269
7275
7291
7294
7297
818
7054
7303
7303
7307
7311
7313
7314
7316
7319
9388
7322
7322
7323
7324
1416
7327
7329
7331
7336
6392
7340
4336
7341
7345
7346
7349
7350
7351
7357
7360
7363
7365
7365
7368
7369
7371
7373
7906
7375
7379
7380
7388
7390
7392
7392
7395
7396
7405
7414
7416
7420
7422
7423
7424
7428
7429
7436
7437
7438
7440
7444
7444
7444
1512
7448
7449
7450
7451
7453
7457
7458
7459
7463
7469
7469
3394
4306
7476
7477
5516
7481
7484
7485
9619
7486
7487
7489
7490
7491
7493
7494
7494
7496
7497
7499
7501
7501
7501
7502
7502
7504
7505
7507
7507
4174
7511
7511
7512
7512
7514
7515
6515
7519
7519
7521
7525
7525
7526
7526
3977
7535
7544
7547
7547
8582
7549
7550
7550
7552
7553
7554
7554
7556
9002
7564
7566
7566
7569
2763
7570
7574
7574
7576
445
7576
7579
7580
7585
7592
7595
7596
7599
7604
2624
7610
7610
7613
7615
7615
7618
7618
7621
7622
7626
7627
7631
7631
7637
7637
7638
7639
7641
8449
7641
7642
7644
6465
7648
7649
7651
7652
7657
7663
7666
7667
7670
7670
6206
7671
7673
7673
7675
7677
7677
6619
7697
7697
7699
7701
7703
7704
7024
7708
7710
7714
7719
7722
7723
3288
9864
7730
7732
7737
7741
7744
7749
7750
7750
7755
7755
7755
2796
7757
7759
7759
7759
7760
7761
7761
7761
7767
7768
7768
7770
7771
7772
7776
7779
7781
7782
7784
562
7785
7786
7789
7790
7792
7793
7799
7802
7806
7811
7812
7817
7819
7819
7821
7824
7826
7827
7828
7831
7831
7831
7832
7834
7844
7845
7849
7853
7854
7858
7859
7861
7863
7864
7865
303
7870
7873
7874
7876
7879
7879
7885
2625
7893
7897
7901
7902
7374
7909
7909
7913
7913
7913
7920
7920
7921
7924
7926
7927
7932
1802
7934
7937
7937
7938
7938
7947
7949
7951
7951
7953
7956
7957
7960
7961
7961
7961
7961
5848
7964
7971
7974
7974
7976
7981
7984
7985
7986
3294
7992
7993
7995
7996
7996
7997
7998
8006
8007
8009
8011
8012
8014
8014
8015
8016
8017
8018
8019
8019
8020
6318
8029
8031
8033
2134
8036
8040
8044
8044
8045
8048
8049
8053
8056
8057
8058
8059
8062
8063
8064
8066
8070
8072
8077
8083
8084
8086
8090
8094
8101
8102
8103
8104
8109
8111
8111
8111
8111
8114
8116
8116
4852
8123
8125
3370
8129
8130
8133
8133
8136
8137
8141
8143
8144
1933
8150
8150
8150
8152
8154
8154
8161
8161
8162
8165
8166
1074
8168
8169
4684
9678
319
8176
8177
8179
8182
8183
8184
8185
8185
8187
8187
8188
8193
8193
8196
8196
8196
8197
8199
8200
8201
8202
8207
8208
8210
8210
8211
8214
8215
8215
8216
8216
8216
8216
8216
8220
8223
8224
8224
8226
8226
8229
8229
8232
8238
8239
8239
4849
8243
8243
8245
8246
8247
8250
8250
8252
8254
5281
8255
9546
8261
8262
8264
8266
2287
8269
3650
8274
8274
8277
8286
8288
8292
6421
8293
8296
8302
8303
8306
8308
8311
8311
8316
8326
8329
8331
8332
8341
8343
8344
8345
8347
8347
8347
8347
8351
8353
8354
8355
8358
8358
8359
8362
8365
8366
1796
8369
8370
8373
8377
4717
8381
8383
8386
8394
8395
8395
8396
8398
8398
8398
8399
8402
8403
3179
8408
8409
8410
8411
8412
8416
9801
8421
8426
8431
8433
8436
8437
6707
8443
8446
1544
8450
8453
8453
8454
6849
8459
8464
8465
8468
8472
8472
8475
8476
8478
8479
8480
8480
8483
8484
8485
8485
8486
8487
8488
8490
8492
8492
8493
8495
8496
8497
949
8497
8499
8499
8500
8501
8501
8502
8512
8513
8513
8513
8520
8522
8523
8523
8525
4956
8532
8532
5169
8536
8536
8538
8539
8545
8548
8551
8551
8552
8552
8554
8555
8555
8555
8559
8559
8561
8565
8565
8569
8571
8571
4445
8576
8577
8579
8580
7549
8582
8587
8589
8592
8592
5426
8597
8600
8605
9437
8611
8613
8613
8616
8617
8618
8619
8621
8623
3652
8625
8628
8628
8631
8633
8634
8635
8637
8637
8640
8640
8642
3683
8647
8649
8656
8657
8659
8659
8664
8667
8671
8674
8675
8685
8686
8689
8690
8691
8692
8692
8693
8698
8700
8704
8706
8708
1429
8709
8710
8711
8712
8718
8722
8724
8727
8731
8731
8733
8737
8742
8744
8744
8745
8745
8747
8747
8753
2258
8754
9657
8761
8762
8763
8763
8767
8767
8772
8773
8773
8775
8776
8777
5807
8780
8783
8784
8787
5990
8791
8795
8797
8798
8799
8800
8801
8803
8805
8805
8808
8811
8812
8813
8814
8815
8815
8815
8817
8817
8817
8817
8818
8819
8822
8824
8824
8825
8826
8830
8830
8830
8831
752
8833
8835
8838
8840
8841
8842
8844
1407
8849
8851
8851
2531
8853
8857
8860
8865
8866
8874
9199
8881
8883
8887
8890
8892
8895
8897
8897
8900
8902
8904
8907
8907
8909
8909
7473
4532
6410
8918
8918
8920
8925
8927
8928
8928
8932
8936
8937
8937
8939
8940
8945
8951
8954
8956
8958
8960
8960
8962
4126
8963
8964
8965
8966
8966
8968
8969
8974
8977
8978
8978
8982
8983
8983
8983
8986
8987
8990
8997
750
7560
9005
7641
9006
9007
9007
9008
9011
9014
9017
9017
9017
9018
9018
9020
9023
9024
9026
9027
9028
9028
9030
9039
9041
9042
9042
9042
9047
9048
9049
9055
9056
9056
9057
9058
9060
9060
9060
9061
9061
9062
9066
9069
9070
9073
9074
9078
9078
9082
5772
9085
1333
9096
9101
9102
9104
9104
9106
9108
9108
9109
9113
9115
9117
9118
9119
9120
9121
9124
9126
9130
9131
9133
9135
9136
9138
9139
9141
9142
9146
9147
9148
9150
9151
8526
3157
9161
9163
9168
9174
9177
9177
9180
9184
6963
9186
4782
9192
6059
9194
9198
8874
9203
9205
3412
9210
6732
9211
3287
498
9219
9228
9230
9230
9232
9232
9235
9237
9238
9238
9244
9244
9245
9245
9246
432
9250
9251
9253
9257
9259
9261
9263
9263
9264
3559
9268
9268
9268
9269
9272
9272
9274
9275
9275
9275
1917
9281
9282
9282
9282
9285
9288
9292
9293
9297
9298
9299
9305
6526
9306
9307
9313
9313
9314
9315
9315
9478
9316
9326
9328
9330
9330
9331
9332
9333
9334
9334
9336
9336
9337
9341
9341
9341
9342
9343
9345
9346
4545
9348
2191
9349
9354
9354
9360
9361
9361
9364
9370
9370
9371
9373
9375
9381
9382
9386
9387
5252
9389
9389
2685
9393
9393
9394
9397
9407
9407
9408
9415
9415
9419
9420
9420
9421
9421
9422
9423
9425
9426
9426
9426
9428
9433
8606
9437
9438
9439
9440
9440
9440
9441
9443
4369
9448
9450
673
9454
9455
9455
9455
9456
9457
9457
9460
9460
9461
9464
9468
9469
9470
9315
9478
9480
9481
9483
9488
9495
9498
9500
9504
9504
9506
9513
9513
9514
9515
9516
9520
9524
9525
9534
9538
9539
8261
9546
9550
9551
9556
9559
9561
9563
9564
9566
4074
9568
9569
9569
9571
9574
9576
9578
9579
9580
9585
9587
9587
9592
9593
9595
9599
9604
9605
9611
9612
3821
9616
9617
7486
9620
9623
9624
9624
9627
9628
9630
9635
9635
9636
9640
9896
9644
9647
9648
9649
9650
9650
9651
9652
9652
8758
9661
9662
7241
9662
9664
9666
9666
9669
9669
9670
9673
9676
9676
8172
9681
9682
9684
9685
9686
9686
9687
4920
9688
9689
9690
9694
9696
9697
9697
9697
9700
9701
9701
9704
9704
9705
9707
2009
9712
2800
9713
9715
9717
9720
9724
9729
9729
9730
9730
9731
9733
9734
9735
9735
9738
9739
9739
9744
9747
9752
9754
9755
9756
9757
9760
9763
9763
9763
9766
9768
9772
9772
9780
9782
9786
9786
9789
9789
9789
529
9794
9797
9800
9801
8419
9815
9833
9835
9843
9843
9848
9851
9853
9854
9855
9858
7725
9865
9867
9867
9868
9869
9870
9871
9878
9881
9883
9884
9885
9885
9888
9888
9890
9891
9892
9892
9894
9895
9641
9897
9897
9902
4654
9906
3970
9908
9910
9912
9912
9912
9914
9914
9919
9920
9922
9923
9925
9925
9926
9930
9930
9931
9934
1494
9938
9940
9942
9942
9943
9944
1110
9948
9950
9950
9954
9954
9955
9956
9957
6681
626
3562
9969
9971
9977
9978
9980
9981
9983
9985
9989
9990
9991
9995
9995
9996
9998
