1
2
5
7
14
58
59
84
6658
108
128
139
164
171
212
233
241
241
241
256
260
272
273
278
296
306
315
323
327
329
331
340
5032
352
358
382
395
1110
419
927
454
456
5501
1671
469
471
475
481
489
514
517
520
528
540
542
549
552
557
567
569
580
588
598
606
606
5344
631
667
702
708
715
717
718
724
752
2821
779
781
785
792
5418
811
827
829
830
4646
838
847
857
863
874
912
917
927
438
935
946
956
973
976
979
989
989
992
997
1004
1035
1048
1049
1065
1066
1083
1088
1089
1096
1098
1103
395
1123
1162
1172
1175
1177
1182
1205
1322
1218
1226
1242
1260
1276
6249
1305
1321
2150
1351
1377
1380
1388
1415
1421
1421
1421
1452
1458
1462
1463
1474
1483
1484
1485
1504
1529
1546
1547
1551
1553
1558
1566
1567
1591
1613
1615
1628
1633
1657
1667
468
1684
1705
1716
2096
1736
1744
1746
1766
1767
1770
1830
1856
1879
1888
1889
1889
1889
1909
1942
9039
1965
1981
1989
1998
2021
2074
2075
2084
4976
1721
2104
2107
2110
2128
2136
2145
2146
1212
2231
7707
2243
4793
2258
2259
3350
2263
2270
7262
2280
2293
2300
7184
2338
2339
2350
2355
2372
2376
2382
2417
2458
2471
3099
4710
2488
2489
2514
2518
2524
2533
2540
2547
2550
2556
2562
2564
2578
2578
2587
2591
2591
2592
2611
2637
2645
2645
2663
4007
2680
2693
2694
2704
2718
2718
2745
2746
6971
2759
2771
2776
8522
2813
2815
777
2841
2841
2847
2854
2861
2868
2872
2884
2930
2939
2953
2967
2968
2975
2978
2981
2984
2985
2992
3000
3006
3011
3030
3070
3073
3075
3080
3084
3099
3099
2471
3104
3125
3137
3184
3186
3191
3192
3199
3208
3223
3238
3251
3259
3306
3310
3315
3346
2261
3361
3371
8306
3374
3379
3392
3416
3417
3472
3478
3481
3483
3497
3504
3507
3521
3522
3524
3532
3544
3560
3576
3595
3606
3619
3621
3629
3652
3660
3666
3666
3667
3693
3709
3730
3744
3764
3780
3794
3794
3799
3854
5184
3867
3890
3898
3904
3911
3924
3932
3932
3950
3977
3995
3995
4001
2667
4013
4019
4036
4037
4041
4042
4054
4062
4078
4126
4128
4148
4150
4161
4169
4171
4178
4181
4194
2813
5094
4233
4241
4258
4271
4273
4286
4289
8925
4326
4340
4358
4363
4365
4380
4386
4401
4422
4423
4427
4440
7190
4448
4476
4490
4511
4528
4534
4535
4538
4540
4551
4554
4562
4570
4589
4589
4593
4598
4599
4605
4613
4621
4622
4625
4628
4635
4639
4641
837
4651
4655
4681
4684
4700
4705
4709
2479
4712
4736
4743
4762
4777
4778
2255
4797
4807
4810
4816
4824
4825
6247
4845
4850
4862
4868
4879
4906
4913
4919
4923
4943
4948
4954
4967
4974
4976
2088
4978
5000
5002
5004
5026
346
5053
5072
5082
5083
4219
5098
5104
5116
5125
5138
5148
5167
5181
3861
5205
5212
8344
5221
5228
5232
5237
5239
5244
5252
5274
5278
5295
5303
2336
611
5371
5374
5377
9260
5380
5383
5384
5392
5395
5398
5399
5403
803
5422
5440
5453
5457
5457
5460
5471
5485
5495
462
5510
5514
5519
5523
5625
5531
5535
5541
5543
5548
5559
5567
5580
5592
5593
5594
5606
5607
5608
6269
5625
5671
5679
5691
5694
5700
5713
5715
5717
5719
5726
5741
5749
5757
5769
5809
5816
5821
5830
5839
5853
5854
5855
5858
5860
5886
5936
5938
5947
5957
6500
7640
5968
5970
7538
5971
5974
5990
5991
5993
5998
5998
6000
6002
6063
6064
6067
6068
6068
6073
6087
6091
6102
6107
6141
6154
6157
6165
6170
6173
6220
6223
4828
1301
5530
6281
6332
6343
6354
6372
6418
6456
9574
6458
6476
6478
6481
5957
6510
6511
9063
6513
6521
6522
6541
6547
6548
6564
6565
6569
6599
6601
6604
6612
6613
6626
6631
6637
6638
6638
6657
107
6661
6669
6671
6864
6689
6696
6701
6702
6705
6709
6710
6736
6736
6741
6747
6750
6759
6760
6763
6771
6783
6800
6810
6811
6818
6824
6824
6827
6839
6850
6688
6865
6869
6869
6874
6879
6880
6904
6905
6909
6911
7372
6922
6933
9061
6965
6965
2755
6971
6974
7001
7004
7021
7024
7045
7058
7066
7076
7081
7087
7112
7112
7123
7133
7135
7159
7180
5339
4444
7192
7209
7221
7241
7248
2276
7269
7277
7285
7296
7309
7312
7316
7328
7338
7345
7932
7616
7360
6922
7399
7423
7453
7477
8641
7495
7506
7509
7519
7530
9012
5970
7586
7351
7619
7624
7630
5960
7650
7657
7658
7680
7702
7706
2233
7719
7723
7728
7741
7742
7759
7766
7799
7814
7814
7817
7830
7842
7850
7854
7858
7903
7906
7916
7922
7923
7923
7349
7938
7940
7951
7965
7968
7973
7979
7980
7982
7983
7993
8007
8019
8031
8035
8035
8039
8058
8072
8077
8085
8110
8119
8120
8131
8133
8147
8153
8160
8171
8172
8187
8190
8196
8198
8214
8220
8240
8245
8280
3373
8307
8334
8339
8341
5216
8366
8376
8381
8393
8399
8405
8450
8457
8467
8500
8502
4213
8527
8550
8567
8573
8574
8587
8592
8628
8638
7480
8642
8644
8648
8650
8675
8678
8683
8689
8694
8701
8713
8716
8717
8728
8730
8743
8746
8748
8794
8801
8805
8809
8822
8823
8830
8838
8839
8906
8920
8924
4321
8960
8976
8991
9002
7536
9031
9032
9037
1952
9057
6937
9063
6513
9077
9092
9099
9102
9110
9116
9117
9137
9156
9183
9188
9199
9200
9208
9210
9218
9226
9232
9237
9255
5378
9264
9281
9334
9337
9358
9360
9368
9370
9370
9373
9416
9448
9467
9476
9492
9493
9502
9504
9515
9529
9559
9572
6458
9595
9608
9611
9624
9642
9644
9679
9681
9686
9711
9755
9765
9776
9783
9784
9810
9813
9819
9846
9850
9855
9867
9879
9885
9885
9903
9907
9925
9935
9943
9954
9957
9957
9960
9968
9978
9991
9995
9996
10000
