7161
3968
2004
2937
2955
5828
1710
3569
2645
5933
1885
4916
7441
4788
6691
2619
6833
4314
1316
8117
6842
7884
3101
6671
8244
2923
4125
8152
9460
128
1540
601
6284
4062
5561
4789
5144
4438
6940
4177
4223
7389
2623
2734
3768
7471
3103
9317
1841
1128
7148
6836
2644
8382
5689
4901
5922
729
1659
9560
1228
2802
2804
7938
3663
243
9664
2889
4500
7222
7741
9563
3673
389
4018
777
6493
9638
6148
151
1115
1090
8772
629
245
7899
1686
8725
6687
9763
6582
7873
6501
6928
8886
7168
1322
2164
9467
1965
147
5327
3464
461
1350
3238
9766
6772
3116
4515
7418
6106
8832
8665
2881
6837
325
9173
3882
9808
2518
7695
4546
5923
7355
1493
367
436
2933
1293
2200
6456
7347
7273
4823
1816
5345
2367
4993
2214
1625
2967
3531
5910
4981
4011
5437
1300
8943
2949
4027
1543
9411
7719
6042
8014
6636
1202
1501
890
3294
2708
6111
1476
6185
3391
6935
8721
9055
1702
6919
5445
1284
1913
2672
5684
6557
5769
4556
9583
7020
7681
2417
5058
7655
8288
7878
9034
7786
4291
769
2815
2137
7652
2609
4634
6373
1643
6516
3110
4131
5090
7554
6306
9230
545
5837
9713
6464
4896
5838
5225
8301
7088
1341
7780
1211
833
7079
3396
1948
9455
9993
1425
1580
3465
209
6322
1509
6772
3489
6552
2545
8970
3257
9886
3813
4313
8505
8293
2107
6261
3645
6997
4815
8397
7440
3699
1711
1453
5788
8171
9355
3682
8553
4329
2137
5131
9005
9492
5271
9374
8979
1012
9069
2002
3395
7614
4581
4769
4632
1865
723
3133
6536
381
9366
9377
6820
1593
6192
2851
2037
4420
323
9969
1933
7381
6458
1982
7556
9531
8166
140
5400
8262
7719
125
3774
5531
2600
7643
4874
5584
3402
1670
5560
1543
8956
3604
7641
8331
8377
203
5108
9259
4314
1892
4968
159
2578
9900
7058
4591
4124
7301
6245
4284
555
6653
1694
622
1349
9251
1031
256
350
936
9849
1155
3225
6626
1874
2504
3222
5771
296
1545
1580
1275
2672
2765
4933
9977
14
7831
7388
4782
5049
8637
1920
2885
6915
1780
6456
5114
3638
9435
1032
3041
7383
8487
2308
8567
6980
7678
1921
1741
1568
8513
2220
5045
3426
1793
252
1717
8035
1136
824
891
9805
7983
8424
1748
3641
4137
8317
3908
3220
3504
2111
7826
8680
2271
3523
1551
5426
3094
844
901
2293
1499
3405
1601
2973
367
4851
2752
2402
9576
4712
3959
4165
1525
2838
9595
3339
6977
1867
8106
2499
4480
6713
8532
6810
7401
9045
3562
5370
2378
3361
4407
4528
4734
4812
1165
8471
8019
3732
4034
6567
3898
8366
1342
1775
2699
1640
563
5658
6899
4729
470
3707
217
9130
6229
2564
1253
7437
6753
3673
6648
887
9456
6357
2644
3276
269
7304
6159
4212
1780
5103
2564
5593
376
81
1933
2119
1315
3048
3881
2058
5145
3396
7822
6175
5623
447
805
1307
7162
7079
144
2729
9649
9653
4257
6478
9527
9868
8512
8232
512
5749
5475
9312
4430
2879
4475
5972
9822
3384
6849
3648
441
266
4926
4312
5771
322
7566
2459
168
8831
1364
8670
6948
2180
3285
4306
5324
4523
270
3184
1611
7907
4186
4196
6447
7417
123
5726
7454
6243
3030
8017
3895
3224
6131
164
4719
9971
6785
7066
1833
2529
8057
5472
107
9556
4948
7565
9727
8282
5167
1993
5838
7788
5615
8859
9245
3324
4831
9645
6172
5506
7662
1884
2750
9788
658
6143
4552
347
1810
94
5373
380
6395
5629
700
9487
2419
8781
1823
1341
2553
433
8097
3936
725
3503
8213
4606
4285
8718
6810
8056
5022
1479
9558
400
4306
7005
4205
2982
4340
5258
8163
5645
8236
9631
5951
2624
2755
5629
660
2537
8077
2872
2121
510
7588
8372
2617
8060
8122
6209
2655
9838
1686
6669
858
5604
1455
1582
7699
8510
4968
209
3121
5014
5614
9502
9135
6662
2702
5195
3689
4097
2204
2378
2386
9791
8881
1101
8855
3949
6555
3290
654
4341
4360
3435
5307
6500
6353
5000
5277
6684
5004
2011
611
3437
2940
2595
3372
2894
2726
9048
381
2183
9489
2492
8926
8263
478
870
364
1631
9720
1522
5480
2075
6227
6647
6318
8708
8318
2859
6522
3263
7991
4557
9712
9892
7945
7389
8100
4702
58
8773
1234
4354
5381
3295
1046
2030
3743
5498
1173
5678
7084
4371
1643
3380
1165
3570
9518
9625
3132
7461
2999
1316
3266
6264
2255
8764
4526
1164
4658
1596
4852
5481
5456
5480
2492
7832
6002
855
3520
9982
2538
9763
4760
8041
4563
2377
831
8252
8906
3448
356
742
8785
2462
3354
4093
7621
8305
3714
6695
3222
7995
5797
9245
8857
2267
4682
4496
7081
2880
2882
8039
9476
6902
7717
9907
9590
2174
9357
8527
6780
6170
1900
5713
6572
9041
6621
9116
6156
3049
3800
4297
1002
968
1986
151
3841
5485
9110
9169
9372
6126
3334
8418
3084
7191
6418
2563
9716
7091
4201
5640
26
5505
8891
908
3074
9138
7428
326
3487
1119
5190
8976
647
5050
793
5347
5909
2915
814
7466
3453
7809
8700
5607
940
3693
2923
3549
1243
5895
3419
6399
1206
2948
7060
6468
1864
7092
6386
5418
9053
481
4112
1792
1502
210
9460
9693
7801
9304
6490
8717
6910
3188
8144
5496
9381
5431
2589
1529
6565
1934
9922
3378
5985
9751
2775
1297
6530
8116
7134
5012
2203
1108
7689
5541
7906
8688
7989
481
1338
3751
3375
3434
3827
3253
9269
2245
5576
5834
6283
6995
1911
8877
8354
8005
8963
6913
9429
4940
9467
7302
4791
3488
4373
7976
5721
2268
551
5520
6352
4101
2898
156
6054
6448
1404
6049
3148
4138
9666
9627
7254
6217
2447
162
7719
7171
4850
4565
1816
112
1149
8440
138
8826
5142
43
9730
2526
5146
6673
6378
3130
6191
4603
1350
1798
6712
8581
8431
179
2518
5924
2345
8867
3202
798
3483
4408
8515
4883
5791
328
5428
1424
4749
7524
9493
9292
3266
2349
7111
3440
1205
6251
741
5673
2822
3302
3275
8080
3018
4598
9402
6915
8985
6213
8324
3378
1866
2069
4519
1303
662
112
5187
957
4028
7538
9010
3702
2085
7746
7957
8173
6043
1747
9428
1550
2185
3574
6970
511
4596
862
9965
1984
5851
9272
8240
965
5687
7676
6016
1386
7208
4348
8805
8884
2674
5760
2389
975
5308
6699
1565
1631
721
6555
1610
3329
6792
5586
5984
852
3524
3161
9948
6241
9083
2724
5028
4351
3991
1667
2328
7589
1783
4067
1243
3424
64
6078
4507
6717
9542
1030
5698
3681
2474
3170
2196
8033
1896
7100
5691
264
5942
9358
2425
5519
5686
2259
4732
3514
1948
445
8024
4099
8104
7807
1301
8579
9166
4933
9268
5997
8108
7762
2407
9294
2921
3865
6856
5772
8592
3512
3201
5668
5885
7494
3602
5728
1239
1316
5871
1993
1639
6740
6711
8691
711
593
8035
1020
3146
157
2272
6243
9580
7247
6928
5967
2213
5308
8305
476
5201
4607
3930
7299
4999
9113
8976
1803
9530
2719
5644
5996
1462
5047
3811
1828
9905
7323
3531
5225
6246
3056
2033
2296
4053
806
8007
4599
8343
1381
2633
8686
5628
3500
6871
5305
3486
9512
5210
1032
7141
990
5048
4786
9748
4152
711
1910
6222
1592
7473
2160
1771
3137
8876
8182
9791
6150
5258
267
2032
5292
5700
1552
3857
8159
7070
4306
6503
2221
9228
8527
8703
6727
7574
3326
3356
538
5976
8147
5995
3403
2472
4172
8388
8033
6850
6870
6917
4218
4945
2322
5786
9839
3998
6459
3844
372
2669
2178
9746
3876
263
7715
7964
5641
5704
1503
2447
2772
2117
3528
5090
4841
7066
2078
8699
5683
846
4604
7011
1129
9682
1750
6023
3035
8730
9377
2242
5554
2196
3420
9526
3938
9256
9790
8258
8550
9805
1031
5648
7414
1517
9583
3754
6735
2794
820
656
3478
7921
1909
5063
6880
651
9941
9714
2579
3091
8363
8637
6126
2030
9203
5938
65
1982
7920
8707
5264
2586
4273
8611
1926
5384
837
2425
427
9603
4743
3875
6222
3478
8485
9350
7710
4826
3174
2156
9770
15
8200
524
7394
3357
7863
5070
101
9706
243
1418
3594
5818
5855
7869
4961
7758
1794
916
7210
8496
7438
889
8319
2226
4355
9369
8877
3277
6051
9642
2042
6450
4469
2426
6871
683
9583
2055
1310
2449
6082
4706
2256
9321
6042
3478
23
8988
6251
696
4549
7838
3357
784
5640
7907
3113
6060
2971
9163
4619
2633
6572
858
9988
9173
3089
9633
9583
2115
3406
4703
6652
1988
5755
5960
3054
3732
7967
7349
1087
7301
680
4515
6932
9197
8204
8712
216
4944
5113
607
5387
9678
8970
2596
5938
4850
2804
953
1507
883
8055
1917
2859
6271
133
3630
2963
5832
7053
7236
6235
8808
8915
2999
3847
7137
3370
7293
5130
523
6691
4797
862
1247
8512
7970
869
7074
7324
5828
8375
9301
7162
6909
1141
8577
9410
4584
4909
6866
2574
6309
9217
7612
4514
569
9178
7393
5201
8314
2541
7757
7052
2447
8901
4719
5478
3939
4699
2061
385
1910
5323
5872
1233
5574
4405
3853
66
7975
7371
1731
830
6175
5569
9178
5038
5143
9811
5363
6960
5294
527
2994
2228
7608
3411
7684
1653
5494
9051
4379
1350
7777
5238
1103
8812
5548
4741
5658
6742
9950
9878
7751
9316
6767
2646
9964
703
7567
3104
3608
8241
9057
4035
8303
4045
3232
4850
3444
7113
304
4730
5804
6892
360
4161
4188
6993
8486
4387
1011
8765
8753
4452
1719
4644
5248
2826
6282
7512
7640
3729
7097
3075
8337
8322
8427
7113
7463
617
9942
1184
6280
9399
726
7377
6832
495
5027
7648
349
8384
2099
9354
4073
9525
1159
8805
1484
1421
4032
5824
6665
9238
1539
3770
1090
1765
486
8455
5271
2113
2554
4446
3775
5707
3416
1691
3599
7016
8865
3757
6514
6690
366
33
9167
5764
4493
1199
6324
2812
4311
9498
3715
7717
2895
4130
91
1516
4705
5202
2881
8726
4754
8423
4519
3267
4423
3624
9544
9202
1962
8208
4
7388
811
6303
6683
4255
1771
5794
8179
7614
3655
1927
290
3369
9628
8170
314
9755
4694
8430
2298
6385
2142
5753
7737
1438
3014
4942
4303
8503
3057
797
942
1759
4426
4058
9870
2336
6054
8275
4834
7698
6707
6810
5297
2318
931
9880
2656
5912
9839
7464
573
6959
6146
4657
8185
7150
268
1102
7582
4125
2617
9756
7307
5135
5511
6009
2495
5041
3551
3394
7737
4335
828
7801
9595
7343
2001
8654
1152
42
4196
7355
485
2664
3669
6118
82
7572
3547
5382
767
9036
6889
7695
9456
5052
948
3021
163
1251
3148
2519
133
7515
5301
4002
6580
6227
2110
7463
7964
2412
7727
1065
6848
6767
5549
7817
2839
3699
340
1822
4675
4691
9860
9322
1693
6533
9275
7768
5188
5040
7123
6966
5885
3858
5900
46
3859
536
3856
5642
9200
5455
1733
7611
7796
9376
5091
5471
9990
4228
9783
6929
8730
4389
5600
7780
1862
5105
5813
3012
5713
9038
2483
2982
9980
7671
7638
3347
3631
2399
597
7988
5913
1636
7557
1535
4096
5539
2286
3412
6089
2853
3570
8711
1184
6760
3045
8254
8713
1919
966
505
8981
2225
3218
2530
7877
8502
3032
3002
3919
1518
5615
4306
4191
6427
7136
7151
2645
9469
4782
5894
8896
1267
4400
2890
8197
8047
2439
9854
6388
1067
4691
2190
7778
6885
6837
83
6008
8021
9456
6387
3257
3976
8925
2657
5306
4679
7226
9831
2323
4774
1845
8817
2152
1634
3591
2195
9278
8632
2268
9143
2992
9760
578
1035
7895
6981
3356
2016
5694
7224
5633
592
9095
1892
1001
7854
3400
7492
6939
996
2780
3946
8194
1511
6335
8394
946
3449
5583
8090
7120
1070
7363
6083
2366
4038
6925
3694
8495
655
706
4231
9951
1681
9544
9324
2572
8412
4383
7517
9633
9735
2320
7876
9840
1052
6272
860
4635
7041
4644
7584
1997
5544
4823
6122
4060
2891
7263
2965
9430
621
7654
4010
311
490
7528
9104
5646
1845
6407
5836
556
758
4716
6525
1299
4059
6717
351
4452
8940
2387
8023
9530
9442
3997
2510
7543
805
8948
5136
486
9057
5080
1622
5852
8618
1411
1912
316
6504
8769
9224
987
3039
6996
8413
4111
6233
2644
4393
5720
2871
5322
7711
4571
9246
2079
9397
6091
4189
1259
3476
3667
132
6026
8538
9126
7004
6679
9478
1732
814
8754
1987
8129
8414
6118
8759
2010
1322
6963
7428
9157
1925
2777
2638
2262
3084
1940
752
9403
9084
1225
5978
7338
944
6563
7209
5331
5486
879
2873
2053
1363
8552
1189
6540
7298
4396
5261
7473
2002
3086
7466
5737
1301
7609
3656
6348
3983
1494
5544
5706
2618
4170
9044
9784
181
127
8595
1484
7684
5936
6958
2713
8220
3518
1520
566
5030
6015
1221
5704
6233
1025
1181
5863
5620
6463
9961
6276
8024
5670
5668
5793
3925
631
5249
2558
8774
6363
4316
5045
4273
6746
5694
8444
9130
2081
1199
1073
2257
1698
5989
4567
5903
8836
7768
8141
4493
4026
1681
8459
1488
2957
6935
8994
117
5684
5498
5994
6702
148
7899
6054
3269
1408
4155
5637
15
1588
9333
2328
4707
3993
3583
636
3896
4385
8771
4067
8808
4652
3462
7217
4293
2827
5480
3586
7621
9226
2521
7451
1553
3428
9084
1718
8713
1387
1407
2917
3319
8847
6766
9801
4396
2174
594
5312
5827
1093
7402
1303
5214
8010
3577
3450
4670
794
4242
728
1181
1582
1648
2105
7622
6409
5167
4556
8052
4845
8593
1728
1726
7447
777
7364
2495
1715
4323
2522
3374
5777
7903
9284
360
4027
5913
632
9088
3271
3342
3402
5479
1020
7121
8925
9030
5854
8465
2377
2473
2223
813
2700
329
4007
8490
581
1624
6319
9496
1811
7389
9621
9429
3253
8714
3599
6156
9759
3960
8786
5458
9380
5932
8777
4962
9151
1833
2662
7211
9166
4013
1726
9363
6946
9935
1964
6016
355
9311
8289
2133
4543
4278
1411
8129
5520
7944
2749
8648
5129
8810
8888
280
6578
7020
4931
7912
1894
9353
8855
2475
8716
3959
1438
5128
8781
4288
4091
5530
3153
233
218
524
3436
8912
9459
9216
9140
9288
6535
3771
4602
5318
4838
4015
2273
965
1817
6975
8374
8895
3145
8506
6433
7882
9866
8598
6979
3414
2307
3498
7759
3445
2057
1840
9855
4124
5446
168
1825
1064
5632
1966
1775
187
5229
4410
5932
2915
7455
1081
3807
5108
5492
5100
4319
2326
6616
996
681
5672
4692
5257
1928
849
211
3772
3992
5327
5512
425
5991
3202
9656
4858
6332
6839
3201
3947
2209
7558
329
4026
2985
6655
7357
9554
2021
1178
3290
918
8381
135
6516
4966
1738
5083
250
6419
7930
5915
4269
1055
1606
5204
5753
8147
3560
8286
3517
3053
1168
6646
4247
4359
1428
5179
5939
5584
8085
6880
2825
594
2725
9723
884
2624
6085
7882
6851
1445
3
2493
5219
6758
2802
5767
6828
489
6294
5017
9940
668
4015
3382
1012
9898
3123
7188
7698
4308
6145
3046
1503
9479
7750
7124
8971
8645
8385
7125
1398
8145
797
6803
2067
9093
8873
7789
6342
6096
4768
4852
3553
9295
5361
6535
1696
5447
9134
9455
8531
5209
8853
1159
4779
7082
4473
8729
5551
3224
5909
4099
8010
9008
9791
7769
5590
1448
3062
7036
1945
4245
6076
5672
9123
5045
7162
4990
222
4518
7928
8244
2766
9950
3020
847
8969
4896
3553
3969
3853
2462
9075
9534
8646
8903
5484
9508
9534
5440
213
3459
1495
1033
5718
3760
4738
246
7798
8525
3279
9185
732
1411
7461
8038
4091
7340
7021
6773
479
1296
131
441
8564
4729
6531
8079
4919
4907
6078
3850
5975
2835
7836
9550
386
147
2258
2540
3443
3798
9927
8518
7812
6666
963
4104
1161
7284
4074
5568
5166
2973
5020
1219
9706
822
9367
2663
4960
4078
1566
7302
3290
2234
6216
794
811
4443
2314
1006
9910
1263
9219
9437
8412
2009
9093
5264
1589
3852
5728
9312
1302
7657
573
7386
1158
7536
1397
7527
7236
1722
9353
1380
852
7482
3053
3853
9280
3388
690
3972
878
2668
6667
5409
4046
9223
8131
8320
3322
4463
3507
5456
9992
3040
5168
6148
5093
5475
8616
6795
7119
3300
4456
8941
434
3721
7160
9146
2191
4834
9972
5100
4058
3029
7923
6526
4492
2589
6609
9142
8660
4463
3786
2551
2727
1085
873
4721
7861
9404
1511
8983
6811
5841
2200
8360
548
6813
5
6946
749
7156
7184
6402
1370
328
6354
5998
3606
9940
8602
3859
8894
8995
2660
943
2329
7582
7513
7366
7353
6106
2125
753
6960
1500
7451
7874
5673
5435
8379
7991
3786
724
5595
2437
6399
7077
9260
9931
6486
8355
1104
996
9273
9137
9446
4421
3229
8898
6190
5834
7980
1594
5734
9798
482
8299
5091
3624
865
3199
5687
7311
4054
7251
2972
1254
7673
9213
7399
9299
338
2626
8183
1591
1791
6118
1014
8059
8805
7725
2859
5694
9709
8210
7440
4227
5682
9647
9583
6731
1806
1179
2076
9433
8091
9108
4531
5053
9689
8742
5178
4516
3719
4112
120
1901
2921
6231
5257
3455
2020
9529
8698
2234
4133
2791
2142
1672
1003
4601
6670
9380
6508
3579
5694
188
8974
352
6798
4290
5042
9225
4655
2161
1883
4267
6648
5586
8097
9885
6569
2583
6222
6938
5246
7597
5212
1630
3884
5280
1540
1562
7908
5642
3048
2921
7268
6479
2260
4281
7035
6641
5012
9001
8570
5174
5623
3392
485
4306
9072
841
2147
2973
2394
8032
8946
8845
190
6672
9984
4161
9498
7931
1256
6724
5965
7926
9712
8102
9353
6456
4376
4156
682
7541
9136
8423
9024
1272
9027
8747
1697
5651
7031
3494
4272
8500
5262
6650
7728
8786
3467
1844
1097
73
5932
6373
3307
5819
9516
3498
3109
691
5916
4811
2426
2799
9152
2471
6608
6794
9486
7442
1075
9462
8487
3447
1752
2294
8568
302
1401
912
8827
8691
3270
9646
8751
3244
612
866
6388
3422
2678
1338
1256
5662
3840
6647
3543
5221
9405
3934
1907
7918
7720
4763
6211
5805
8256
6792
5298
2069
8749
8612
1485
7530
1864
8855
3630
4145
3415
4046
5618
4865
1353
5300
8218
8538
572
4963
7629
7345
1987
736
9025
4113
5124
2675
1043
2681
2416
3972
7843
695
439
5005
5973
7884
6240
6952
7051
1376
8382
7226
2935
9509
1180
7272
7973
7515
1620
9918
9861
1538
5328
5859
6503
8994
759
4819
5967
8444
8086
9657
9166
8076
3582
4367
9470
2968
6975
9018
5629
5825
7169
979
1885
3103
2133
3539
2772
2901
7473
8918
338
5846
772
6792
7628
573
285
1582
7078
3847
8223
3545
906
4373
1053
3901
5561
6586
3256
4233
4424
8404
9627
6642
1832
1139
402
7510
8532
5625
7047
122
7811
2361
6410
7776
6280
8710
8292
5892
9232
5980
6759
8982
1698
2639
3725
8297
4751
4688
189
8337
9111
2884
548
5720
5587
2244
1014
809
972
6365
3470
9261
53
2026
3511
4652
6732
1145
213
2002
9956
862
4799
9287
6704
3670
1116
4330
6541
1690
9007
3967
4984
393
4471
9742
3203
2724
6303
7305
3777
679
1130
7031
4423
6143
8392
3823
9134
6942
267
1173
5235
3368
2058
6300
9136
5594
9502
7618
6860
8196
8178
3480
681
6884
2400
5271
4167
5807
2149
76
9123
7706
8015
8846
6713
4505
2804
3073
5182
2981
4761
6580
5095
2093
7872
7313
260
113
6820
2675
3848
4177
7752
159
1159
8395
4639
2707
1801
7466
4779
1515
6030
6931
5690
6743
5141
1566
4816
869
8507
2281
7541
4955
6580
9255
2107
8226
5705
2530
5577
5004
8144
5368
638
3986
2700
3796
1385
7126
9566
7190
6839
6315
380
5597
9248
9112
7603
9567
3801
934
3691
3605
1578
5701
3570
4589
4602
756
4948
7824
6454
2843
3488
5654
5467
8959
7286
9919
6395
6613
2095
4651
4524
1099
2767
5834
8468
993
7835
4726
8366
5452
1474
2650
6057
7477
5366
3759
4638
4448
9077
5688
6046
6236
6731
9700
7207
4908
1073
2913
938
5657
3809
8387
3905
6901
599
406
481
1781
7225
3327
5776
58
6046
7923
8728
9466
1781
4177
6016
2477
3176
17
7726
6128
8592
9181
4259
1730
8679
337
766
4631
1208
9951
6478
710
6860
5050
3277
3354
9288
9722
975
1291
6783
7768
1686
5160
2456
9662
8646
5199
2349
9391
4389
1870
8578
8909
5237
6651
3826
4521
5946
934
2308
4866
1299
5720
1901
2588
9804
2573
331
97
5807
2764
7919
6131
6143
4163
9161
9550
7862
9496
1722
3062
8349
7673
8468
6939
1934
4995
2589
5302
7853
9867
7948
2650
3051
3360
3868
5643
4148
7428
1333
2625
9473
9729
3120
6841
730
1068
7009
7820
2629
8652
9786
8752
4648
3886
7978
931
3975
1220
6751
3041
2007
7872
4775
5867
5538
6173
5610
6217
1574
1642
114
6310
7095
5355
4014
7062
5937
8453
494
5115
9852
5283
2516
1138
7154
9019
2196
844
2285
3795
1182
229
8023
4222
6759
7142
7362
7857
6381
2604
9790
3881
8105
9273
2128
8655
3991
1003
5944
2104
9834
1314
9949
8425
5038
6826
2890
3494
7011
7975
6664
4327
3004
6207
7335
7871
1094
9631
1165
3036
9816
6680
9904
5580
8849
5855
7046
9321
3250
496
5475
4676
4468
8141
3127
2243
9114
6267
7673
2213
5449
6499
3837
8029
8998
4508
9263
6833
8345
6702
8101
8358
6746
9875
2618
2188
3613
5683
7163
9361
595
8309
9476
638
1303
6994
163
3777
9032
7279
9701
4248
1390
762
880
2410
4291
6083
6683
9331
8118
2224
2822
8056
44
9699
4851
4747
1194
894
1370
3095
1647
2448
2775
9694
7930
2281
4272
7301
4844
5412
4171
8864
8615
7490
871
6040
966
5831
7680
6992
6528
583
6859
6145
4349
6493
4162
4667
7139
1858
532
6779
7596
7793
8398
3625
1773
2945
668
308
3198
7272
6024
6260
7238
5183
9407
9617
9447
9525
8782
5050
143
5209
5966
5064
4037
1915
7171
3090
6266
2849
9345
7216
6679
9720
3106
3874
5882
7363
6106
8447
2780
1287
4281
5932
4481
4648
193
8593
4861
7005
7942
3865
1317
6236
6525
3606
8719
4691
7127
2416
4234
2233
4093
8658
1416
2667
7
3548
4790
5824
3313
8043
2012
9276
3330
8313
3011
5386
689
5894
5016
1909
4633
159
2455
782
4699
657
6157
5911
4184
9270
7079
8397
5172
7480
6987
3971
9803
4783
8787
9421
2342
1335
3061
4665
1942
7166
3069
3192
4768
8803
1767
6527
4698
5575
1729
5098
3462
1102
9586
9549
9572
3236
7288
9806
4941
455
7287
5814
7668
783
4280
1565
3656
6345
6671
115
3421
737
5395
6596
96
6567
8497
7047
9584
1454
5916
9376
1037
9004
7475
4843
8751
9424
9061
3644
2670
2207
1124
5566
7366
5791
6169
7466
3214
6700
2595
1137
6093
7810
1039
553
8758
5573
2412
1089
5208
4101
2592
3321
3963
7923
5622
3348
8389
5114
5189
5347
9655
9832
1608
3499
4162
3511
9140
7658
9892
5229
7219
8046
6878
7238
1411
5664
6196
4837
9280
8912
5468
9755
5537
2297
9833
6190
5867
9459
7181
3899
6676
9374
4926
9146
8126
504
9859
8757
2781
9932
8549
3586
880
829
5827
4018
5632
9186
8993
8355
7562
1128
818
9860
2714
9723
9169
5973
2269
7014
7169
890
570
5033
660
9207
5589
4313
8382
8638
9617
9009
3162
2508
6347
8239
9338
4866
3164
2062
1491
9178
2607
2394
3195
7732
6517
9543
6320
2114
947
9509
9486
8181
8585
2007
596
5147
9021
4707
7541
7665
5254
4770
1438
2199
408
340
6633
7663
1256
7672
9092
3382
9765
2042
3000
7728
8254
8841
4660
2279
5623
5598
5371
1042
6429
1516
8953
5190
9442
5382
9023
9107
4000
6952
64
6679
1935
1943
27
2209
370
4770
4504
2651
2448
1499
2721
7399
4187
9328
1790
1951
3633
2491
8344
6407
1196
595
1605
9972
9967
6673
3101
4120
9001
1176
2253
7325
3704
7921
4371
6495
9812
9703
4850
4655
6026
352
4503
875
9410
9101
1656
2686
4923
2328
1236
1474
6726
5292
6055
2930
8427
8099
492
8113
3763
4344
119
2557
9653
6559
8318
4789
8185
2111
4352
9997
3420
7203
3656
1114
5200
2623
827
7790
6912
6652
2720
6646
6045
8616
1631
839
1430
3682
932
9942
5618
3641
6976
3170
1390
8427
7813
1723
9827
7893
823
6245
1568
7244
1082
3247
1182
316
243
9353
4983
6759
6136
2876
7902
4130
6594
1107
9373
6452
5656
8310
3611
4081
1989
1150
7149
1134
4687
3374
5523
4805
9543
2701
2586
6375
8772
4740
783
7372
7779
9822
3144
6316
6683
3969
5140
3031
2862
9917
2747
3167
155
9283
8331
65
6157
8946
6056
1352
8867
3170
9196
3557
5991
809
1961
1212
4587
2899
2241
6335
7269
6873
2096
8834
4402
6816
3428
9723
3348
5106
6567
3473
4849
3862
1621
9722
2822
584
6170
3193
9544
4132
6792
6671
8086
5217
3817
5629
3843
533
8631
7260
5583
8402
6919
4921
2676
7491
8147
1559
3150
7571
3124
5757
851
1206
7201
1542
9884
2226
3415
4567
9832
8194
8180
5848
5402
1422
3106
7432
859
4541
2530
6482
664
3891
5089
4871
3508
5106
6723
1071
8865
2102
9537
1221
6020
5354
5591
5963
5252
9779
892
3087
6079
7365
392
1925
6305
9828
5732
8326
5704
3756
4749
3351
1583
4532
8259
1794
7179
3531
4320
1924
1434
9371
177
4552
584
2180
8418
3440
7480
9666
2960
126
6686
6174
8444
6311
5625
2784
2475
7282
212
8072
1377
8817
6476
1344
3572
4679
3008
3016
13
8656
702
298
8324
2194
4906
9608
3095
1543
6053
3960
5463
9323
5137
9143
3989
1657
8473
7653
6564
7531
722
9085
265
8102
5535
3669
4658
1382
9344
2638
3104
2793
1877
6488
5645
660
7322
8619
7753
1872
180
1042
9521
8411
9824
3084
9911
2531
2353
868
78
673
597
4871
1388
4579
9116
9255
5117
9060
1641
1343
846
4644
7104
8768
812
8454
9914
2168
5962
1213
3766
4308
765
7315
6452
2435
6724
5696
7955
2675
8842
2495
1095
711
9270
6063
3429
5960
5948
2007
5269
360
8875
4000
7154
684
2462
6184
8553
2844
661
4145
2587
9125
4128
4626
1068
2971
1506
8778
7256
251
4427
6233
1320
4458
5642
1050
8307
3125
7275
4869
3251
4267
140
1598
7524
7974
6010
5650
7169
4940
4616
112
4920
1262
7994
7463
6921
7580
7043
730
684
7531
8025
6645
1291
9554
5146
7197
7268
9215
2891
7144
5282
4029
4022
7609
8436
5111
1791
4599
749
7216
3579
9615
1740
4022
596
7627
2913
7872
6036
7527
712
7889
7098
4795
5412
1247
2563
5439
2766
3640
8639
6743
4014
517
8015
5945
8290
9340
5580
3306
6025
4660
8734
9927
8165
620
5150
3002
2472
2284
5557
9830
1684
531
5005
5688
9977
8901
455
8916
7400
2977
6783
6610
5968
9818
4820
4041
3373
6191
4940
9973
4730
3785
4046
3637
966
1604
5112
8278
4583
1723
5112
3704
576
2509
6379
5077
2561
6814
6567
5731
56
5883
5556
7627
8285
1819
1307
7057
7608
9439
3633
8748
4604
2361
7010
7805
9514
3873
1990
7801
2184
9526
7796
2664
7718
6275
598
9186
3395
3626
7976
4869
5434
1874
534
189
5308
1009
8728
6886
5225
1549
7528
6999
6650
6359
2468
77
3868
6134
9901
6367
6170
3083
2304
8581
3423
8692
5407
2304
3582
1392
4655
1219
2872
2853
1877
7601
76
9375
1432
8869
7623
6634
1190
4852
1913
7629
1987
5957
5529
1424
1782
4131
5719
8879
5729
605
3798
1598
4860
3349
5320
8941
9331
9035
145
1810
6151
524
7602
2971
136
9133
3803
5581
3557
8020
1004
6429
8043
8525
9598
8129
1582
2347
3588
4892
2458
9808
6879
6229
4271
2587
3594
945
5852
3370
7464
2573
8961
2781
6927
4266
8878
1813
2758
7640
6574
159
8159
8976
5754
6773
3867
9852
7707
6948
6441
1830
8753
9474
773
4336
3819
5829
2181
6331
3487
4179
6356
2066
8273
5177
6499
3177
4149
5225
3271
4418
8295
4148
7267
7283
9600
8018
7299
3466
5115
2358
3824
4665
4849
437
9994
5970
6626
6945
4372
8228
1618
8410
2439
3411
2497
4263
2720
1245
3569
3774
5397
5355
7886
2228
3352
305
2065
5332
3269
2362
9503
998
6109
7879
2529
9255
6568
2435
2264
1099
9355
8370
9363
4514
4424
7232
7637
552
1192
185
8805
4926
3421
454
6557
9274
6612
8035
4480
8712
1032
7319
327
5046
6834
2641
5914
6813
2126
5467
2051
1839
8327
4965
8888
7457
1299
2281
1561
6023
9802
983
8018
6555
5313
5495
6581
8922
2326
5831
4033
9781
9272
2673
1227
8835
2795
1622
5665
5026
8565
3551
6851
2242
6759
7987
981
2155
6826
2786
6347
8881
1554
8645
6430
6872
7029
8840
1527
1767
8743
8044
7294
1503
419
7449
7617
5591
9333
197
73
7794
9629
9616
6580
5895
4338
8497
5541
2907
8964
650
7743
7723
6686
5037
3409
9865
5856
929
2751
7360
3089
6937
3908
1393
1724
5463
6988
4848
247
1535
2829
4418
7160
4885
2816
4968
2027
1330
7928
9892
1476
5057
4660
7791
3159
7885
6838
2757
3562
4142
7148
9027
430
8533
2276
2675
3665
7952
4071
2713
5358
9814
7851
687
5265
6163
8247
3313
4443
2067
3098
2321
8403
5934
1954
5935
3911
8821
6677
943
4653
8007
2903
6794
7915
8327
2693
1418
4657
9228
9071
8718
3078
8843
9324
6220
8536
6705
6304
5895
3346
5118
4685
8369
7764
5547
4391
4789
1869
7188
2966
9822
7967
2025
8506
8770
4696
5805
1291
482
7971
2102
4099
4656
5566
1731
568
4608
2571
6099
3589
8019
2215
9169
6908
3544
7818
872
5411
1914
7309
2939
27
6137
4246
4374
6155
1360
2651
6833
9717
9645
3798
821
571
5207
7550
9975
2713
8247
9042
3224
1872
2850
200
5586
2289
5081
9508
7411
9789
6250
9923
5891
9863
6071
3480
2909
2309
6500
6441
9478
3637
4182
4809
9064
2194
3933
3028
4515
9270
5041
1299
1702
4236
6187
9615
1748
1818
8971
9892
5864
8296
6568
6572
3769
4952
2623
8383
915
1867
3233
5179
1610
7088
4505
6697
7507
4401
5669
1059
9870
309
3244
4813
4923
8617
7359
7349
5499
7129
8770
3383
6853
1009
7551
6059
1701
9630
5951
1515
8536
8692
3635
1812
4651
2590
6567
2868
8546
4515
2915
6929
8236
3463
353
9975
9730
2560
6125
789
974
5314
7254
6684
7621
929
8504
2989
9647
2571
2068
9032
6956
5110
8927
9834
6626
4761
187
468
9974
4690
6316
306
3912
3453
9997
1100
5051
6602
7797
8464
6004
5236
9771
473
9041
7968
7435
9404
3829
1036
7727
6121
8627
4941
7572
4200
707
7018
926
6065
1535
8253
3014
482
9427
2242
7277
7566
7806
6394
7248
3840
9837
5044
1130
6929
4871
511
3275
9624
9857
2876
3533
8238
9045
5807
8750
6046
2114
7002
3434
5774
6966
5898
762
8317
8863
4265
1156
9256
2385
9705
7132
6127
6065
8455
9170
4549
3574
1367
6293
3985
4263
5279
7787
1714
8862
5564
4972
6425
7901
2238
261
2597
9940
4972
5385
5375
2442
2581
8729
3636
7119
4369
5958
6853
440
9067
1780
8274
8806
6737
6977
6685
7779
7754
7062
2324
5276
9050
1397
2115
8123
8974
9422
7378
1424
8479
6790
1274
5049
2087
3759
7999
4608
5429
7514
3909
7501
3269
2581
2090
4070
3107
6209
5787
9272
2925
6651
381
7907
8601
7380
1564
7038
8456
7947
4611
5425
8507
3138
8337
6747
2655
8146
8799
943
5512
5355
6367
1431
3277
1960
1396
5548
6170
2310
6470
6252
7318
5252
8133
8087
9290
3246
2415
134
4492
3987
5574
6070
5555
5470
9071
7202
2828
7611
6705
482
7134
3727
1975
3181
8057
6941
521
6276
7400
7282
4861
5096
6282
2566
2665
851
5098
4988
5290
4005
8026
976
5655
9830
4696
1806
1953
5149
289
8771
5556
1266
4125
9573
7213
2084
5213
6397
1848
3571
3866
5591
3431
1733
9758
8842
2595
7829
9699
9949
6193
3731
160
759
6845
1891
8568
5205
8113
5387
2730
9639
3874
7968
1925
7091
725
8539
8404
8803
1868
8366
4668
1290
7466
5972
5622
168
5905
6560
7139
941
4550
2535
483
3510
1894
5252
8873
2901
3253
2602
369
9323
2861
4993
9634
9999
9416
564
1095
9684
778
8864
3977
3908
635
2479
7101
46
456
1250
6558
6822
3510
7970
3584
1728
8439
7355
1047
4560
2645
70
4534
463
7579
8303
5600
6447
6890
2155
8461
3751
1526
7232
5375
3597
8834
8217
4703
3966
4274
7203
6870
9348
6954
5707
2287
3085
1989
5676
5819
1507
1669
7238
431
8043
5888
2574
3705
873
6815
6240
8959
8298
3271
8814
1917
2111
3827
2263
6166
9569
3550
1464
2050
5392
7140
9326
155
4124
9959
1576
8584
1098
4968
566
3856
393
6830
9083
4236
7979
8426
4941
746
2460
1858
4648
5024
8978
7028
7394
570
4665
9882
6429
8887
8442
3893
2446
699
1225
6868
7448
6115
9046
4147
1736
9606
7650
6748
1354
7635
8250
8243
3260
8729
8289
3092
2786
218
8505
3922
8389
9983
2781
7470
5310
3993
2878
1959
5556
7161
1010
8972
6926
8464
720
456
182
2277
592
9558
3473
9289
1321
9035
3305
9061
6844
7713
8205
6505
3296
7706
3095
1003
1486
177
9292
9065
8156
6428
801
6196
1312
9640
5182
6149
7794
7797
7325
5693
1521
7339
9624
7907
3233
3381
2098
6017
6893
7436
2376
7967
4018
1332
5837
1769
7015
7978
9682
1278
5451
9528
6890
5834
1259
7437
6306
4255
4749
1310
4986
2946
2782
7369
4403
5886
595
123
4630
4059
2742
3017
3435
1177
8302
9113
2856
9481
9181
3676
9528
5866
8944
2585
3474
3124
8267
9440
4756
7821
6519
8892
218
3988
4536
6961
5157
1821
280
6969
4918
6304
9151
1216
7390
1465
9901
80
9125
4704
1404
954
3029
9097
5415
8647
2629
9414
1155
3922
6000
7136
691
5957
970
4867
3149
442
1099
7498
7327
7789
4217
614
6768
4023
458
596
7195
9483
6726
2081
6171
7449
8365
4440
9892
9874
992
9543
1190
5194
3247
6943
523
3992
5560
6130
6714
6231
5256
5392
1669
4843
2046
3615
1673
9360
6040
1990
3365
2068
6595
9620
4612
8908
2639
863
7095
5186
6936
1121
8052
9001
7135
8648
9072
1194
1223
6170
7007
8814
9947
2683
8403
7610
8814
4149
1324
5028
8111
5865
9600
9929
4669
9598
188
6492
3000
7248
7671
747
9270
9417
1078
856
1367
5601
4836
1591
3816
9265
833
3436
7865
3069
797
5528
1207
3279
9404
6551
6945
450
6448
593
682
6599
1045
36
4451
8637
8107
406
6842
6884
5279
8442
2172
7846
411
5718
3457
5365
3130
784
5290
464
8310
8994
9119
60
860
9994
6037
3527
2458
9977
9919
7323
6198
7677
3844
6686
4488
5692
1346
7253
6833
2424
9230
4002
2777
8982
7633
3898
1727
5809
3710
2766
7992
3093
5883
9494
2416
3426
1369
7185
1665
342
7607
4432
2967
4003
7962
5727
4382
1234
3431
724
2439
6817
5910
3136
7651
2873
3057
789
5892
4230
4353
1908
8870
3176
2432
5689
8758
1613
9292
5069
8740
652
4560
1049
6898
8869
2286
3415
2886
7361
4869
1720
7843
3068
6763
1485
2397
8194
8778
9254
5538
59
1531
969
210
2369
8478
2548
5675
6966
2533
8912
2524
8903
798
4985
4599
5466
8277
947
3776
9917
7357
4551
602
8021
5482
3903
7218
744
7734
8672
353
3383
145
7261
6755
6673
8778
2155
6888
7275
1952
4499
820
9327
8459
6642
1710
1316
3367
9432
5030
397
6395
5984
6671
5000
5568
1573
5656
215
8497
7778
1714
9632
1227
3789
2420
4261
198
4660
469
2788
2683
3453
6310
5565
7449
740
792
8802
3563
9939
5879
6486
1759
4370
4933
6156
6111
4999
2527
3858
6465
3421
6336
9249
9069
3333
4453
523
89
9759
3532
6127
7423
5826
5308
7999
9027
3440
7525
8137
4572
1093
7219
4539
7019
5906
2408
4281
8997
9125
2665
7921
7288
2868
219
4048
5213
4951
3092
7034
4340
4413
7444
3591
184
3969
6673
6887
9040
1249
5620
1203
1115
8329
5007
5401
9816
2747
9883
8991
7445
4391
9172
7897
8943
8620
2828
7146
9637
9513
2669
9714
383
7284
3167
4279
4005
6557
4734
9960
2012
2872
8478
4445
5908
363
5025
7002
268
6522
8532
4519
3453
1376
571
4715
7898
2472
8490
5125
2975
2209
2959
4518
6171
931
1571
6544
659
9408
8945
817
6814
609
8718
56
41
1052
8173
2080
3621
3796
6611
7894
7239
9385
8184
6937
5607
2068
7281
2225
1338
9848
541
570
8774
7844
2140
8569
6036
7698
4569
5196
6274
9935
986
3428
9517
4881
7610
5408
9135
6312
4717
5347
2462
9419
7784
544
3799
2500
7446
5725
1436
1441
4249
9169
3183
7180
2951
391
3458
1116
6060
6574
1865
463
8502
6265
5824
4802
9523
2484
2552
9765
5419
4547
4683
3100
2137
1615
2324
8856
263
4420
9633
7986
4413
9542
5630
7880
9322
8663
4553
6587
5746
944
8748
931
9388
4008
847
2947
6921
3952
8587
5790
9877
637
6806
7797
9223
7990
2247
7596
5186
9250
770
2891
3830
905
9640
2471
2058
1680
4205
885
3891
6057
2288
7028
7458
6543
1415
4642
3321
8703
569
4753
1449
690
8849
2899
1441
6871
469
3940
6954
7106
3925
7480
2574
6684
9853
3297
276
217
7929
5543
2829
8726
6219
948
36
8804
3939
4508
1633
316
2750
1557
7151
6823
9654
5676
7513
9683
9816
5674
3680
1265
3483
4595
2291
6070
9003
5183
6619
7608
6480
4422
4401
1431
5029
3712
4354
4985
8805
1234
5
413
3008
9468
5589
5536
6860
4880
5952
3131
4896
4632
3100
8534
5256
4854
7781
7894
595
9393
9521
8971
3018
3386
1606
2056
5525
1323
3195
7922
3599
9181
8689
1525
1905
5999
4774
665
9991
7650
1561
8644
2763
1718
97
5197
8677
2993
5126
9917
6633
6610
5474
7927
810
750
8776
5968
10
8731
4204
3159
3802
4676
7212
1274
2131
7626
2081
2111
3133
6048
9349
371
6318
7490
6628
5400
6042
8320
7339
747
7276
8180
3212
5874
4280
3720
2767
2907
2267
3238
3739
8320
1792
5733
4244
5329
8404
5994
9174
3008
4775
6644
2359
4735
4448
4918
7300
8296
5291
1155
5109
7429
972
3914
7614
5191
8356
8750
3099
4148
8098
344
9965
764
2451
6451
5238
4939
8846
2460
3188
8613
8403
6779
4218
3345
9308
7807
1269
6784
1220
3125
2713
6933
866
8540
2783
1989
8012
6284
7760
3108
9321
1510
9796
3960
1683
6729
2780
1721
7044
1133
7054
614
9274
5700
467
2755
5272
9495
1520
1381
6157
7634
9326
4793
8437
260
1023
1424
9782
7410
2212
2425
2593
7732
998
3820
9986
7584
6357
4143
7918
7220
3816
9809
5701
5997
5297
1650
6224
3763
6100
3370
6574
9013
3552
8852
6671
5961
3560
3953
1810
6350
9438
9824
5894
729
6166
7229
1042
4079
3317
9033
4677
4084
8180
5524
3268
929
1156
8888
3485
9423
626
8274
3085
2167
9590
4556
1546
7433
923
1791
9588
8724
4242
784
8862
355
272
8451
1151
439
1477
9315
3789
2075
3400
2556
3219
5548
9765
4124
6271
5624
9018
627
3249
8720
9227
5598
6579
6770
5814
4066
139
4861
7218
6345
9505
4068
8853
5726
2329
8731
9771
9807
1855
2385
9222
8332
3232
8065
7657
1160
4834
1206
875
257
3109
4670
4043
6882
685
5288
2610
8072
6362
9019
2223
6547
3168
7472
9938
4744
9694
6909
9640
465
9348
1716
9050
6135
6138
3209
325
9227
4897
8717
3705
6538
6912
4817
2630
9317
5362
4180
2087
7252
6462
4008
3792
9859
847
7452
1753
728
2516
9749
4145
5943
6512
6946
3811
6084
4983
7470
1749
2729
9175
1365
1937
7105
9083
5915
80
6712
8840
6238
8083
3782
1311
3882
992
2052
1174
5176
823
4581
8064
2919
7066
8173
2109
5239
3323
8212
2418
280
5042
2347
1370
3002
21
5532
2713
2291
1640
5381
5350
6056
179
2363
388
6428
7842
3288
6728
2334
9350
5705
4461
7821
3108
5710
5424
595
2113
4809
3894
7823
206
5231
3839
8999
4960
218
96
8715
196
286
3655
8672
3445
2006
1840
5684
9868
9901
5338
2018
1913
2931
1
8513
7716
3763
7377
6892
1112
8098
6979
703
126
8912
8391
6412
972
3022
7734
2845
210
291
746
7291
2377
7521
147
4423
2080
1025
7762
6018
9677
3344
4043
1395
2110
8929
9934
6984
940
1688
6945
9939
5858
3635
8626
5201
596
6583
8828
1088
3213
6810
2800
9348
4352
7143
4623
4222
9675
8747
2357
1136
2456
4802
878
6133
2156
5923
8806
8379
6217
216
127
5467
8915
4574
8076
2232
5614
1282
8202
8883
1442
2378
1869
4185
9211
5349
5253
303
4709
9045
8569
9445
401
4359
8995
5340
1311
8028
9096
2791
8317
3448
8628
691
8206
5873
8529
5404
7770
2786
1819
9436
2106
8618
6516
3438
4183
4517
9207
5350
3912
2580
8776
9257
8404
3426
5668
4333
876
6219
2039
9395
3293
4674
1438
138
5079
5366
6171
7221
3543
7009
9979
3497
9740
8709
6678
9303
3704
8757
6309
5766
547
5831
5503
7801
280
1206
2547
8878
5023
5060
5487
4199
1479
2126
7364
4522
2870
7563
590
9156
9435
8900
3357
3863
5267
8796
9435
9694
6552
7397
2903
2122
3531
5404
7631
8171
4136
9324
7269
6817
4271
4753
5131
8840
6090
5973
6867
6378
3388
9478
7870
3232
280
6981
5241
3856
397
6923
5106
6094
3472
3269
9427
2327
1059
4759
2903
8579
9174
9398
587
772
6257
3730
5429
7319
2345
9812
8896
8695
2514
2654
4348
565
9190
6799
8741
8230
5097
3251
9285
2369
7184
514
8708
8719
8674
9528
4641
6669
7265
3339
6244
1037
7308
8254
1829
2545
4649
537
4020
7463
5518
4823
4156
7718
2420
5090
6057
5753
8232
366
5071
6237
1498
4592
2919
28
8819
3280
5256
6738
8154
880
9527
1827
2529
6639
9730
3338
4567
5092
6208
6510
7539
2717
9545
4133
909
1899
5214
2502
3941
9808
6986
4754
9602
8683
2044
5942
9117
4328
2446
7904
3555
8335
9023
6602
836
5921
168
7134
648
2428
6926
3036
4147
494
3068
9878
5742
7903
7535
4530
4091
2235
6884
6953
4614
714
748
1535
8926
3420
2188
7002
6722
6721
9714
155
2709
9369
795
3045
5231
5274
2653
7012
2494
868
7127
1742
6731
7543
8050
6895
5363
6984
9057
7456
4023
5342
8968
7776
3209
466
1731
596
5458
9293
8408
7217
8381
1408
7667
2497
8053
8668
6398
934
2895
6972
2493
5940
6827
91
8014
6280
5898
8464
5478
7315
2737
2535
8274
6027
4224
3585
58
3217
6396
4913
6867
2886
4580
4312
6166
9381
2165
7168
2430
2961
2218
6602
7664
3130
8322
8052
1247
3093
8595
5418
4554
3616
9408
9092
8342
9995
4361
7961
9195
3287
9917
1805
8248
1891
1375
589
6448
645
81
4097
7161
9587
1890
8247
4379
5898
9027
131
7303
6581
3655
628
1861
7608
6276
8054
3312
1067
4978
5395
2828
2123
2471
3513
1937
2010
9353
442
9919
5574
3718
8824
2975
2968
14
7266
5179
847
8043
96
708
9036
8795
3535
4861
6278
4323
986
7995
2044
2870
6205
2019
163
1116
7997
5600
2487
8575
1231
7002
6885
7676
4561
2521
2632
7235
9394
8865
8551
8152
2488
8016
8042
3944
3803
8511
3304
7798
4981
997
1578
312
5383
7643
6232
7121
9879
1453
3472
1103
6420
8251
7318
465
4556
5228
5127
5522
2487
7033
8835
9494
3030
6053
9182
5806
5537
7329
978
6313
3918
2778
4651
3073
5554
4632
6918
5106
328
2170
278
1355
9997
8072
8888
8953
3354
4145
3310
5876
7944
3763
399
558
7948
6940
5437
4771
4683
4000
6084
3528
7581
3165
6785
2600
2052
3425
5887
61
4577
2503
8025
2625
1620
3757
9436
5783
8894
8334
5977
6680
3438
8648
9261
8426
1690
1000
4610
4623
7788
4854
1800
3395
2846
8764
3754
6382
7646
2986
7604
6161
1180
5712
3759
8856
4969
5876
757
443
953
644
5824
955
9597
1587
4483
6869
3575
9933
8854
7391
7847
5902
5823
4338
8692
6486
9266
7196
2534
173
9996
6806
1178
3463
1373
4343
2030
1370
1981
116
7412
5960
4305
1059
6897
1446
2271
2420
8693
589
6525
1084
2350
8081
4438
4166
4420
2220
3773
9986
5800
1484
1534
9613
2423
2918
2697
7182
7538
2355
3396
2288
6334
4566
2374
9145
1365
8716
2805
6200
9488
985
4606
6490
2898
2185
1202
9328
7107
2863
5494
9216
6173
7829
1923
6819
9749
3095
6803
1054
8795
6715
2209
8386
3991
1267
7327
6261
3453
9958
3558
8605
1558
3953
3455
670
7651
3911
3332
9780
6678
2003
589
2667
3447
1726
8723
2208
1243
170
9704
1305
72
3738
2394
7607
6567
4855
7318
6215
2244
9551
7225
5057
5705
7209
1573
2530
7941
2776
8820
3870
426
1810
7396
6515
6155
899
9140
2051
8822
8083
1459
5218
1641
8908
1665
6484
2988
7697
4641
4520
3297
7163
5437
870
3648
5609
4453
2498
591
7447
7182
6691
1791
9928
5524
7815
2327
5385
2997
2149
5392
1119
8900
959
3705
2427
5138
6030
4217
2681
5154
7785
1710
3738
7855
5998
4503
1309
7321
6815
5191
7390
9641
8953
5707
8104
8481
3007
4866
2745
6550
6505
2385
7218
9556
7460
9703
2762
3652
4336
9180
941
8571
3223
8624
3517
9230
3598
531
1773
7963
1410
1397
3385
6317
2536
7008
9866
4971
1204
5793
7034
1346
3549
9464
4413
3504
1754
7318
2781
6433
2024
4076
3819
7657
7679
50
6525
7359
2933
9329
4892
310
1357
2784
2134
316
6514
9366
1739
9867
8266
8113
3361
3218
3832
7964
7021
8436
9804
6537
7668
2162
712
4119
6965
2037
3317
8256
4678
8328
8209
7285
6736
3467
2554
4542
8559
8360
1853
2538
864
6623
4752
8582
1418
8187
3277
7695
3794
4647
8396
3261
6547
9258
1456
8987
3065
2080
2356
1270
5690
7308
4814
1170
9144
9387
8427
2533
9122
4600
5221
9067
1577
3787
1078
5966
7561
4465
3012
6397
8380
6216
1127
1207
5201
9975
4173
1773
4384
4548
7382
4318
4332
5248
9512
6276
9824
8178
3201
2573
3540
6251
9897
848
8428
205
4630
9017
4269
778
3322
6122
3997
593
2063
8051
7465
3888
2153
7354
6399
1585
4358
3747
208
5659
7866
4814
2353
7535
7815
6142
7718
4630
8944
7752
9352
8205
3904
8037
1374
6418
9300
2171
7877
1374
7344
7504
8349
2942
7283
3545
4653
8018
5739
1392
2382
1548
9257
4903
5633
6030
8757
8169
4431
9319
638
9839
8400
5360
4360
990
3530
8649
800
706
5863
5955
9308
6135
5158
3976
1976
2304
7806
3525
2050
1565
4481
5111
4852
1467
7341
9249
455
5626
9092
4396
889
1367
4235
9623
3157
6817
1572
3072
95
8032
1416
8965
2210
8212
6149
375
8563
4312
6045
7827
6587
1202
6813
8541
5074
1308
9546
6159
5183
9118
3811
4772
8193
6422
5994
6410
904
984
3179
9353
7954
4128
6195
3417
7538
7629
7530
478
3646
1144
2628
6912
1412
7142
9292
4796
7482
8535
6347
961
6477
5620
6514
4623
3604
952
5477
5012
1887
8351
965
5282
9724
8008
7122
5574
3118
3339
6288
832
3373
2047
1932
687
2172
3439
3448
8833
2972
2632
5784
7978
1574
4201
1125
5033
1767
8526
520
8631
5602
3569
2217
2843
3224
4734
7806
7644
2942
2391
694
9699
1759
1231
5230
1005
7185
3673
9243
30
6269
511
5222
4941
6301
8599
2181
4276
7078
4196
886
932
2336
2408
7804
1886
9783
3424
8904
3892
1539
1150
8963
8252
7111
1150
5515
9981
7644
1931
743
1413
5358
7836
4769
4819
6815
7152
4713
1433
7011
8456
9584
741
4815
2243
9648
9741
4762
7830
5632
1083
156
4998
2430
3814
9662
2173
1615
3577
5153
9464
4329
6602
5913
9666
4197
1956
7736
1941
1304
2880
8776
5220
6564
6450
9594
6984
4023
7751
3881
5233
1142
339
851
5283
5875
8251
2399
2359
4444
7332
821
1658
7200
7839
5330
3855
8706
4094
8259
4945
1149
9115
3459
4737
8366
5415
119
1028
6106
3236
912
4484
938
7132
8201
4589
1854
5091
1229
1181
2409
9211
2936
5031
684
5021
3937
2896
4465
3632
9739
3975
9985
5712
6020
9528
629
2030
1957
3348
1832
9890
1396
7766
6251
8550
8538
6481
1513
9290
5540
3453
5333
7298
9748
7484
1505
4984
7868
6982
9090
3259
1999
1693
3152
3387
4189
7123
1857
5004
4390
6704
4233
2847
5258
3861
7512
7801
728
3417
8738
1006
3933
3293
2095
3982
330
9622
6917
4680
8474
1796
2057
1340
2476
4000
2041
940
6042
9549
1107
6496
2822
4818
5519
152
1021
1459
3063
3028
3984
7990
85
4685
5436
7117
2849
3985
7282
8064
3759
4932
6351
5402
8182
1748
6469
9842
2672
3543
909
320
4706
6231
9729
5248
7439
4675
5297
6119
1391
4574
8124
6673
3003
3591
8693
6501
779
6328
4202
7245
8357
2309
4171
9335
5052
4265
1931
3743
4828
7911
3580
6025
9175
7767
2039
158
9842
6016
5410
5353
6695
7321
4997
8108
8594
388
1426
4909
6367
6172
2683
1095
3434
4221
7435
2465
3853
8220
4549
1311
6109
8505
8166
4619
6263
8159
9646
1200
2704
4038
7417
444
6993
7360
60
5613
1756
9005
3868
4403
6166
1017
2694
3312
2727
7858
5935
586
8616
9497
1252
234
4634
7654
1306
6268
8268
4350
5973
4102
3660
156
4220
1142
1631
5723
9900
1480
1888
6113
7766
7610
3193
5271
3272
3695
5993
7112
5999
390
6271
7187
4161
8529
4032
4223
7012
7546
5183
7351
685
634
5545
1254
6970
6553
5458
2369
3110
5851
377
5949
5953
340
2646
883
6609
2658
6264
9845
4977
1361
8379
5130
9281
7869
6335
787
9296
6382
3896
7650
2112
7837
4534
1773
8149
2395
4498
5127
4367
8106
1105
4459
6055
1255
563
2904
7608
1043
5057
9069
358
853
2534
1326
7076
2818
4781
9038
4531
9445
3467
8008
1502
4121
9512
3637
5878
3805
623
6567
4708
9440
6266
8095
5587
7115
1534
2633
6842
6952
6696
7177
216
6278
8213
9001
8068
3131
9841
9737
8540
3485
2575
9907
9167
6785
8629
9800
3871
3545
6732
3910
6726
262
1931
3306
2925
2447
5619
8709
3006
3285
5596
5491
673
9306
919
3150
3494
9897
1468
8116
8098
1623
1163
8996
2946
4148
5983
8056
638
3491
2027
5332
6764
1414
9603
6705
9626
4484
2406
5075
3157
1875
2229
3535
6560
1097
3045
7487
4638
6222
5329
6407
8939
2608
5239
9448
8205
2952
1867
7037
248
6787
4892
6379
4350
1364
777
6827
3335
2030
7339
4666
2828
9009
1571
775
7604
2575
8598
8663
8653
6134
4294
6310
7007
8107
8545
8948
2014
9645
7443
1696
9133
8922
6945
3545
914
9665
674
5068
630
2583
2859
5790
8937
1199
9
8979
8112
5023
666
1634
6719
1409
4390
7517
3229
6025
5153
2726
711
6707
5609
9293
6764
7962
3381
6348
2520
6782
1316
2288
7507
5597
721
5284
3835
2642
9774
3438
1797
4448
5152
247
8090
3435
6045
7467
306
9176
2413
8892
9039
7069
992
8124
6170
5592
4933
2345
4872
8931
3023
8487
1945
2976
8019
5486
2112
5477
4121
7496
2053
813
2074
8377
8402
5699
7042
5057
7181
56
5410
9220
9605
2092
5542
9589
7922
684
979
8203
3387
3311
9678
5000
7832
7153
1950
9801
6770
2885
3309
5178
3216
3355
9310
6849
2899
7827
8323
7466
3553
1910
1931
3843
2064
1692
8783
6235
5373
8853
1844
6632
8856
465
2100
9363
265
1737
697
9181
4747
3467
2007
5474
5151
5985
6596
4953
4772
4712
4611
8794
2589
3690
5426
4295
9461
840
5220
1272
8312
1986
6525
9996
214
9385
93
71
9692
5455
5237
1489
158
2690
779
7054
5638
7661
8256
8474
2420
7173
4833
4666
2776
6132
1005
2910
1633
8131
566
65
8249
11
3361
729
4267
4278
1457
2588
6137
4096
6993
2761
2202
6706
4786
6120
8910
4143
7559
4237
4461
8740
9007
702
6529
9974
3022
6496
3389
7760
2176
9024
2882
7789
6384
4840
6257
1871
6046
4594
5593
6487
1151
348
1910
950
6346
8335
5519
2063
4867
8831
1414
5534
1273
5978
3415
7229
7340
1469
3012
1410
764
9880
9108
7196
1679
7022
9142
3110
6390
7965
301
1754
6131
5771
4295
6803
320
5009
4531
7348
7231
1307
9952
7493
3718
6152
4986
8700
7922
4097
5786
4176
1566
6171
7715
2931
7373
8780
1915
7014
8072
8132
2202
6253
9533
63
2038
675
8250
1163
1685
8464
339
7541
2146
9353
7370
7828
1103
828
3260
2273
4435
9002
2114
2831
5154
4725
1310
6214
4584
2481
4184
4948
5187
8661
5092
6164
5118
5807
4284
6726
1792
2321
472
1528
1263
2751
8557
8634
6217
6973
7920
935
4654
3922
1157
1909
5610
7943
3270
4955
6065
5197
9455
385
262
9278
6558
3396
1796
4972
325
660
5323
3065
9514
9822
5975
8643
2094
7536
4789
1557
5070
1801
3849
4685
3575
1696
8219
9867
3633
9983
2996
2680
4247
1003
9382
1239
5958
7169
5605
9351
5530
9274
2839
2312
8430
616
5632
7947
5140
7619
9436
4401
6130
9285
734
8821
8221
8027
5821
3191
9628
1449
6696
3662
7213
5351
1991
9003
1571
4096
7316
2026
3547
6233
4512
2743
9343
6295
4222
5082
318
8181
2086
4896
9658
1
8295
8422
8018
2232
3009
8025
8590
7581
8737
6167
9010
1841
729
9895
1762
7106
5063
1779
4204
8909
7309
8224
9870
7118
8153
2714
8513
4723
2235
1902
1978
6588
9015
1658
8345
7718
9118
7539
7934
1760
5162
4888
440
8958
1749
8253
8544
1064
7138
3332
3598
6627
3561
5852
7806
1508
647
9661
1015
122
1566
3646
7845
944
6500
7398
6384
6176
5580
6792
2813
9971
2391
4914
4220
5466
439
6734
1716
5271
7925
3836
8
1470
42
5466
6757
759
3333
7431
4381
9675
604
1249
4027
5134
3096
53
2296
1333
8435
6540
266
4593
8457
9408
5194
1770
9137
9952
255
1832
2438
6306
6493
610
6832
8407
9651
8735
2198
3426
5803
7028
4148
304
5399
2514
3271
5613
833
9039
4724
834
1430
1959
6302
1606
1921
5031
131
1974
3651
3292
2422
4402
5132
2673
6543
9484
5506
5343
3046
2643
667
910
4322
7542
3130
4667
4297
199
4267
3126
6853
5927
8317
3239
5194
657
5990
239
8142
7791
3379
708
5897
3775
5598
4085
8710
1589
9134
3764
2081
3535
3696
3261
8624
2605
7960
4313
3811
8599
1174
1965
2283
3629
1011
4858
6357
6398
6023
7602
3355
2234
1552
1858
3264
2041
8933
7574
3154
5462
9311
7049
9086
3732
3432
434
7814
9803
248
5748
8383
8119
195
1835
2320
7275
6450
1163
3083
5215
8222
5530
4917
2346
3027
9312
2470
8445
3975
3638
1831
9217
996
9425
3504
2806
3937
9763
8349
2089
1881
4571
4080
5454
365
5739
9312
6056
8087
7710
8019
8191
3257
9396
6952
5969
7821
4252
9428
4589
2924
6391
5100
1683
7748
7558
1160
2253
4704
0
2171
7595
9262
5819
7683
7462
1146
6489
1198
2292
1285
5313
7312
6693
1810
9970
833
3870
8826
7243
6783
6133
3420
3984
6977
8324
3958
2279
9081
1929
8538
8819
6031
5416
5906
9457
6640
9616
842
8961
1868
678
304
7206
8414
7638
8361
2697
876
7578
8928
45
8205
7527
5707
3351
2305
5125
7190
8907
7234
815
458
6035
435
952
848
2733
2724
4457
410
4500
8739
7901
1082
8887
532
626
7427
9446
4061
4529
5169
6450
1982
1966
7479
5512
5069
4748
6242
7984
275
6547
2127
1379
2100
2110
8048
8025
4721
8713
9871
8423
3498
6582
6749
9358
925
6677
3561
6823
1872
5900
2372
3478
773
2648
8055
3521
1556
178
641
5988
1660
3453
3977
1078
5608
6098
4477
3461
2630
7959
7746
9742
776
6356
3774
9577
332
4068
2457
103
58
3913
1923
6975
8225
6598
4982
7911
1744
1174
710
638
800
3171
8030
8803
3999
5562
5340
329
2273
4386
5687
520
8981
240
1970
9498
3052
985
4923
485
3716
448
599
3978
3844
6912
8595
2828
4209
4585
6304
376
6506
9975
5249
9445
1955
1135
799
8733
3535
1225
5832
168
8930
2792
75
2145
3746
1409
4905
3997
5021
845
5389
6971
2361
3939
5424
4365
5439
1542
8329
7335
5460
6827
1601
1191
1719
2312
4132
3185
1400
920
2396
797
6876
6249
2915
1064
8871
2717
2538
6929
5177
8396
6363
3428
556
5992
5807
7235
8984
1607
3302
80
5117
816
2528
1081
9639
4863
9278
4921
9611
7553
8845
117
294
6310
8037
3013
3905
3126
926
4070
3675
3742
3684
2747
6479
2951
7074
1108
5711
1173
9038
7686
5932
3880
1219
3986
2009
1884
9691
3143
9728
9249
7487
5331
3047
3473
1818
6005
6328
5753
1627
6799
2687
6854
6514
6639
4264
8014
6814
4155
9052
721
5724
7060
7261
7197
6059
6353
3674
4964
7545
7471
6130
2681
461
58
7645
5974
276
5988
5453
885
3033
3887
7860
9574
1083
9165
7556
9491
878
2855
1190
8966
2714
2363
5953
3239
5041
7751
4588
8388
6370
9371
8601
837
4415
4542
1069
4972
3094
6620
9599
5841
1415
4318
1478
9027
7443
5085
361
5558
7129
67
8724
6926
9458
3755
2084
155
2979
9699
3993
4563
1444
7430
4192
9544
109
900
6468
5583
3817
9420
9254
3064
2417
6994
1211
2332
4584
1198
4665
310
9579
572
7091
7424
649
3902
9388
3136
2971
4880
6601
849
2508
169
856
7070
8323
1213
5624
9402
6224
8328
257
5824
8796
656
1941
6353
533
2956
4100
5576
9158
9443
6317
1457
1549
4601
9689
5671
9261
3751
2761
6582
5496
8205
1629
7831
5089
126
2840
2685
6309
3728
8320
970
5376
3847
8484
791
5385
9240
6944
1396
318
8774
1840
2763
7715
490
2603
1471
6212
2620
1979
2134
1674
9289
6476
5052
1610
7720
5258
8216
3434
1285
5159
5317
8667
9157
6151
8377
3642
121
3251
3635
5600
1240
6505
6785
4169
5072
2923
6913
1032
1843
4290
8938
7183
5141
4934
6653
5224
1316
3202
4798
9486
3591
447
6
1241
6689
6694
5499
4436
6109
4362
9280
8734
2529
3947
150
9847
9484
4653
5318
46
4736
7677
7344
5729
1875
6396
5785
5776
9288
4005
177
5301
1171
9113
2880
5681
5438
1684
3568
3065
1657
4969
4046
3473
9886
2934
534
8639
5529
3165
5211
3471
4883
4021
6533
9074
3404
8370
8866
3847
7239
7755
7311
2781
6299
7696
5840
4881
1534
2292
5429
1328
7146
1553
4691
1199
6970
406
6487
2955
8848
6784
7485
3507
1294
5867
8542
8334
7546
4181
5291
733
955
1505
177
8399
3592
8809
9688
8448
4757
3716
5437
1703
7873
603
6217
7001
6745
3791
1931
7830
1503
6456
6180
5133
229
2141
2927
6931
4090
1673
3688
2692
5692
4916
7584
9970
8235
4444
8200
