6704
1829
4305
8314
6353
1496
3557
8987
8192
7613
4748
9763
4943
1673
5220
6012
9609
541
8093
9824
4419
1423
3252
3359
9151
5902
7142
6590
843
3292
4584
5168
8308
1464
6521
3531
6119
5971
2547
6899
8035
6599
2510
4992
4288
4878
7792
6249
7889
4391
2127
832
6244
9396
1952
9878
1824
3966
769
5000
4624
3679
8924
1437
9944
158
675
4426
1219
506
890
786
3229
5364
1590
2225
8424
835
3744
14
8380
512
9051
3802
9759
9946
3755
9774
308
3507
1104
6057
3027
2777
6246
2417
1689
9081
6981
9466
3390
588
6802
1165
8637
4644
7383
2775
7101
2625
2150
517
7251
8781
746
1501
8700
1505
594
2209
1534
4403
2866
7254
8412
9964
3039
1519
9629
3824
560
2969
7500
5939
2501
7439
8951
2307
9748
592
9349
9170
6685
2593
2584
9810
1284
2200
4888
6929
3638
2824
7774
5243
4436
8444
9856
489
9656
347
7389
2258
4925
9801
5058
9274
1334
6392
3950
5013
7797
5825
5117
3623
4495
2823
9576
8976
3452
3755
5086
6231
2026
7479
7381
8011
3113
7217
3798
4868
1029
7409
4371
2055
5897
7736
6722
331
3951
8645
253
811
1272
7895
3806
144
5951
2430
4370
5668
8414
4774
2879
6784
7194
3036
7687
8603
7509
6061
8456
2473
2797
7842
8774
4848
2766
9572
3691
1824
4916
2229
597
2489
8523
6895
5785
747
1932
9537
972
4774
1920
8698
7545
2902
6109
4560
6998
2781
6862
382
5937
1875
7289
4951
9658
4331
5980
9602
8886
268
2304
102
5366
5669
3300
2429
5054
5543
3259
7486
767
7938
9590
1411
8349
4478
5894
6762
4085
1919
7861
2420
7825
6229
2440
2818
4104
3572
6518
995
6480
1111
8133
161
4571
1692
8059
4973
5634
7340
8213
763
3304
2328
6064
3898
2760
8485
2914
7427
9201
1569
9727
6905
4389
8157
6490
8732
3247
9485
2220
9013
8604
2223
2687
5372
5741
9887
6647
6451
7420
9526
9900
5631
9008
8448
1386
6175
1912
4357
9099
5231
1555
372
4810
9327
5104
8412
7122
4857
6525
8447
6704
9687
931
2334
9113
440
9305
3802
7548
1420
5870
8000
9965
6102
636
9468
7004
9989
4630
4930
8240
9413
7369
3453
1800
685
5797
4530
5788
5362
4382
2650
8933
837
2351
6574
9067
4596
537
6239
591
8484
476
7312
5270
7332
2948
5653
302
1837
8058
2499
981
6522
1318
5732
1180
3551
7840
1328
3710
2573
3851
2666
7174
4993
471
604
9180
3039
4394
3898
3373
1985
5114
4298
4667
6834
1541
3041
366
3781
3653
5161
9221
5659
1645
3263
1588
4618
2873
465
2414
5918
4937
8214
6989
2810
3420
8193
5870
6207
65
2413
4188
5232
8498
3714
5455
9296
3980
1373
9971
9874
843
2878
6014
8060
5713
7567
2261
5829
5317
893
338
5559
2646
8839
6490
2564
3787
3181
2959
8279
2502
1948
1236
1367
6139
5774
1548
3336
9283
1344
610
782
1185
839
5442
5170
1266
1550
3601
6191
7678
9745
5690
4849
8277
8673
6281
3307
5889
5796
1852
1389
5688
2438
1433
2528
1466
9669
4670
8292
1406
694
3855
1266
4213
5194
5787
4797
6423
7399
5287
1166
7778
7019
5120
7771
9210
3864
9730
9702
3177
9498
3183
119
6904
4547
3295
1762
54
4300
38
7623
6247
6546
6523
2167
353
4715
23
9921
8704
1442
3773
9026
2134
5716
8704
3323
1417
4773
376
3498
4762
7412
8704
2783
8898
639
4570
7344
2851
1844
2873
4431
5469
9981
2583
9798
3412
7847
2435
9433
1196
7394
9946
9585
571
6030
7164
2690
1131
8863
9733
9388
1831
4882
5859
4056
1524
7449
2621
6110
5848
1713
3914
1016
1018
9518
2161
4337
7666
3758
6194
7337
9231
6341
6827
4146
5172
928
4970
8520
1861
8685
6721
1923
6017
8879
3111
1253
3283
8303
7200
1315
3002
4884
5453
2923
6266
9427
7564
1294
1040
8693
8904
2864
9951
4200
3071
3154
1289
131
9302
5449
8012
8317
9291
9194
5014
8901
3681
1615
177
3853
2091
8682
3833
4858
2200
5131
2148
9726
3470
5205
3400
8724
2003
8819
4731
5855
7239
5232
1563
7713
9313
9498
9176
3481
9673
6841
2271
6521
1573
4582
1776
9889
8256
3447
1938
2664
5796
3614
9189
7699
1497
6447
294
9656
6346
7788
6598
5549
1616
8720
465
5201
8450
6121
1696
4143
680
9704
8724
740
7944
7930
6463
3510
4247
1984
9470
6282
249
560
7099
3076
4265
2723
2200
4410
1613
714
9550
7466
6156
9649
479
6665
1748
9195
8481
478
1685
6880
893
1952
5812
8592
3577
897
1585
6772
9975
2561
5347
4897
5825
9934
8553
669
5723
1776
7831
2220
8697
3927
9322
72
8695
8429
6892
7702
5206
5985
7594
606
8790
7160
9383
1532
1582
4422
1731
6497
7792
5678
1379
7566
9092
7856
6430
9173
6780
7643
2739
3641
6603
8711
8761
8712
4318
7694
759
4270
9428
4485
1493
6348
4000
4735
420
7551
3130
3505
934
7160
7449
8367
4176
2762
7328
3230
2478
2569
3840
8132
5431
1191
9330
8778
4015
369
1036
8962
1744
2629
378
9014
6324
2954
1857
7636
9242
1743
4948
9877
9459
7195
5583
9674
9255
4797
3813
4584
1346
7203
1927
4738
2167
7569
7140
680
7201
4460
4326
9645
4343
7997
6683
7523
6913
9366
2925
1855
6866
3565
2231
1298
1717
6376
8050
8673
861
6331
7483
5520
3277
3598
7668
4246
5395
9245
6917
5926
5219
3450
9510
924
3283
2410
1227
6074
9283
8172
9378
9707
4226
3894
8700
4852
6967
2304
4615
9687
9082
8403
5603
3118
9025
5875
2405
9264
9881
3970
7109
4882
26
2510
2317
9252
7519
5950
4189
3282
4609
7228
7570
5077
1367
3015
8686
6062
4512
1606
6843
4773
42
8204
1591
1376
4507
2474
8809
4661
6891
102
9656
4232
862
4019
1300
7753
3147
3687
5649
6984
9359
9442
606
5014
9048
1339
3609
6459
2562
269
2197
6307
3624
1158
5732
5593
5214
7076
7048
2745
924
2847
6519
9990
6757
1203
4007
321
8337
9165
7971
1276
6716
6888
4291
6244
2874
4790
9615
6396
9902
7407
6316
5036
6422
8037
4432
445
4974
6899
1348
4240
9710
6706
4020
9609
732
7240
5434
2595
4776
6193
4736
8921
679
2943
3299
2988
367
4694
2610
5888
2548
262
7272
9431
5111
2487
1827
3817
48
1109
1676
1911
7824
9541
5994
5871
4005
2330
8346
3738
4375
9594
5131
8349
526
548
2420
589
9287
9020
5559
4486
7760
4132
1951
1469
2904
6559
7983
2805
9827
2521
8625
3694
1061
4282
3698
5054
1192
4978
8516
1607
7742
2467
3662
2240
3357
8568
2499
1584
1837
2333
95
1919
2583
6220
6424
6646
8439
4086
5413
6255
1324
5247
2934
2402
4407
9665
9762
5230
1981
4841
347
4116
1011
9921
9532
9403
4417
2402
8073
723
2102
3776
9995
1242
2473
2622
7447
2566
2236
5993
2540
9312
2394
5373
1512
8561
8986
5750
9008
5763
9440
3851
4275
2357
642
233
9925
3497
502
5268
3555
3381
8890
504
3115
7262
2261
4012
5547
5972
116
7110
558
6932
5936
6482
9476
4676
3714
2627
3307
900
7097
860
1743
930
7412
8574
7231
9879
4131
4872
7704
9000
4926
7285
5959
5990
8637
8983
6419
9514
9912
2536
330
7569
9998
2595
448
2077
6126
5699
1886
4593
3829
9704
9538
6233
3485
6138
4287
3352
4178
3469
9258
8489
4414
2310
1138
5481
1349
9730
30
4134
5908
4752
901
8198
8174
8959
5871
2939
2230
9810
755
114
2224
9920
9068
3414
2585
7937
2187
9969
7310
2248
5543
8101
2956
8260
6820
7587
4713
2684
6287
7530
3135
3284
9762
4091
5179
3257
3920
275
1464
6600
6217
9440
6355
2592
2987
3347
7581
401
7294
3825
1037
1508
368
37
4829
7158
6151
6058
6213
678
4564
7860
3117
8708
8917
2074
6641
6725
139
1439
2772
5135
9519
7912
7916
8965
3890
2634
5121
9731
4817
2300
5042
7162
7859
1811
6212
7499
2333
284
4422
2602
8618
3339
161
5639
5191
2306
6530
9657
9010
1363
246
5236
4455
3053
8866
9259
4373
7087
5756
4652
7117
48
850
6068
914
7761
1400
3148
8196
6853
726
8577
4291
2871
7453
8316
1713
3407
1299
1598
5402
6004
225
9033
2985
5773
4358
6024
8795
3224
7992
1521
8526
2730
2857
1605
3419
8001
3707
6961
3101
2712
1791
8403
9215
4068
8512
8516
181
549
443
7446
9058
9354
9600
2596
5133
4330
6670
2351
4517
5357
51
4916
5768
9913
5516
2852
2285
5090
6889
6122
5820
4505
1432
1245
6666
1530
7201
4802
904
1108
9266
1223
6359
75
1598
72
613
3047
1105
7407
9768
4683
5092
1545
9033
2714
6039
6052
5126
744
9720
7571
6323
113
9264
1087
1021
8671
1811
961
3437
8109
9254
5441
8513
7250
9152
609
3256
5629
6039
2539
6780
5437
3154
2286
5800
9234
8247
107
8298
6291
2326
6104
7589
873
8913
8092
3679
3323
2941
8012
9876
5222
3310
8406
9202
5395
480
2446
1741
2625
3654
9979
2755
6494
2021
5590
9938
1905
9717
9242
6555
1791
6262
432
4714
8855
8476
6982
4007
1129
4456
7897
6118
8984
4672
8192
3099
9485
4924
5763
8241
5264
5575
4768
8901
6722
7380
9412
5959
4412
6903
3476
6953
616
9434
1474
4430
6154
3104
376
3881
1576
2488
5259
747
8619
8028
2222
199
7761
1938
6207
3838
6773
2459
9025
6131
7216
6952
6697
143
7245
6775
3886
5208
3748
7905
3837
3978
3627
2002
3960
9528
6326
9485
4532
5757
2104
4671
4993
9734
3467
5347
4667
5255
8979
3677
1668
4978
4226
8660
5025
5344
1606
5444
3063
3341
1366
9657
4880
4225
8000
9834
2225
2546
3066
4834
726
2569
7000
1653
8426
2722
942
3964
3616
1876
4210
8001
9596
4137
7461
4016
2260
3819
111
339
6373
217
8152
3328
1449
5406
1379
5742
1559
9549
564
8710
4321
3943
1838
769
553
2723
3417
2555
2181
1630
9643
8568
5887
3159
8368
9749
4233
728
2324
2875
6208
7525
7279
7890
4221
1223
9771
1595
3644
1827
8134
2878
162
885
7012
1498
4437
7628
8983
7410
2351
6063
1122
4763
9951
9211
467
6815
1386
9484
969
4135
9509
8283
7281
227
1768
6773
1971
6753
9179
9159
107
7505
7064
1025
6966
181
9403
701
4608
4824
482
3695
6579
9074
3707
4352
4263
570
8349
781
5279
7409
2810
3
7628
1158
371
2160
9726
2432
6523
6215
7041
4705
2877
3285
9957
4824
4709
5461
2271
7484
3752
4620
6953
2061
4664
442
1345
3648
7069
4179
73
235
1763
5676
7759
2029
9987
7621
6414
9449
5617
8370
6643
1650
73
1498
5179
3150
3311
4366
4222
7857
3237
4083
2910
6828
3686
223
7676
8944
8428
8161
4835
9753
5070
2240
3564
8505
4607
6288
8572
1726
7307
7951
1257
1969
2927
2552
9536
6375
3284
4063
6386
757
5553
3659
8965
6595
5122
4330
5136
9392
5778
8229
2272
599
8505
5602
9011
6715
5609
7813
3735
5635
8521
4404
9428
2086
6079
6692
7755
2928
3234
2882
1164
6131
7011
7505
8726
9733
8241
9243
1973
6398
6924
7773
277
4793
6064
7841
7507
5384
9620
9361
4099
893
6381
1873
8655
8748
4125
1801
9776
7785
7030
1101
3075
6727
8089
2286
4554
1570
9882
7125
7805
8808
5605
4965
3369
5567
1989
3208
4942
1544
4555
1370
445
7188
3702
3529
9728
9889
7638
4026
3170
5502
6517
4830
9545
2491
7508
768
630
8225
8273
5303
6194
9981
5534
6728
4588
2546
2235
3572
5581
7183
5265
1803
3659
3757
9573
8894
1191
4243
174
5880
3140
9713
7625
6182
3269
4870
2839
2036
7152
4727
704
3503
9776
4898
8440
1020
9988
6795
9627
9366
8909
8489
8742
9020
2940
6716
9816
4786
6959
710
9047
801
5362
9429
702
8997
5020
6260
2409
3874
3328
9442
9009
140
9351
9027
3665
1706
2821
7522
6891
546
2051
2583
4981
2756
8665
1506
3901
4931
7710
3927
3678
401
8726
6243
8007
800
4830
8648
361
1895
3663
6243
3929
100
4995
6654
2253
987
2742
4231
69
5428
6761
754
8707
3584
5402
4139
5854
2243
9725
1179
6134
3886
6270
7143
2269
8378
3915
1874
2319
3678
8487
9011
4175
477
3760
8417
2774
3536
1310
8645
8145
1940
9155
467
678
21
2135
8970
8621
1881
4650
2527
4771
6760
8234
3292
2913
9569
7162
8857
5209
2343
1937
5905
9376
8996
2269
6836
2151
5963
7519
4866
3316
6343
3716
8791
2725
4761
6083
42
1997
1359
4500
2736
3640
9164
2019
4350
5597
3581
2657
897
6575
8712
2694
9690
1907
1500
5484
5442
1641
3585
2116
6253
9428
1239
3676
1780
9289
2740
2514
9145
1016
7349
9922
5356
1097
9757
8538
9031
5650
543
2191
3888
929
1498
3606
6760
6123
6681
2460
8386
9075
1933
8896
5490
5495
8979
9036
879
2850
8587
6850
7537
5960
7736
2933
9301
8698
1068
9731
3544
8276
4299
6741
7271
3793
2953
6037
5832
2118
4371
6009
3323
7839
3016
4971
3221
930
6026
4399
7895
9393
1288
3596
1321
2712
2116
1019
1744
6831
3062
7694
684
7584
8499
5092
6362
1610
8151
6673
4899
1844
9067
4869
8711
8598
5522
505
7933
9248
2779
5730
8262
6686
1877
2421
7269
9163
6845
5538
1097
7647
8157
9712
1348
989
9468
1738
4633
7496
6296
7942
9654
3326
3751
9931
5349
8172
5171
7610
6389
7028
3850
8856
3526
2413
3375
7868
2457
4473
8185
5533
9136
3231
1776
2289
1625
3177
5069
7392
6120
3313
4778
9061
9871
8859
1902
2354
9002
6415
7740
972
1180
136
9560
6856
3485
3669
2820
6668
5232
759
7333
802
8161
877
4027
8134
2253
9195
2149
2334
9313
8546
579
8119
1378
1626
2239
3871
8233
1780
2337
6346
2838
522
6347
3130
1974
3695
906
6558
5062
812
3580
8569
4572
1278
7922
2007
7094
1243
6015
644
4267
6751
8136
8824
8681
3813
1138
3913
1223
4440
1236
669
691
6766
1147
7102
5013
1722
845
7970
5481
6212
9870
4691
3603
3047
7255
8346
7458
7896
314
68
5802
8697
958
6887
7524
6687
8398
3293
1667
6922
1758
2662
870
8076
3202
6353
9977
9483
456
1747
2173
1586
2243
45
6762
4080
9492
784
4680
2461
8499
4984
9341
4257
7905
2360
4239
8578
1004
1741
362
2840
322
2247
4788
605
1440
3616
4658
9821
8040
2897
7345
2274
3233
1984
6423
4513
1592
3739
9411
7171
5851
9420
2345
400
8611
71
4170
5091
4495
1403
808
5246
2520
2296
8862
9906
4794
677
9306
4357
6140
196
6218
5737
6564
345
8774
1074
5027
7462
7587
29
1461
9563
5039
3983
5385
5702
1282
5944
696
7977
3402
5565
7885
7953
2339
6600
787
9211
5156
1325
7898
8974
3476
8187
2307
6015
9901
3894
1097
7766
3178
5253
8656
3623
6492
7954
793
2653
1663
6069
524
7163
2509
1250
5874
2051
1159
2796
5974
3755
5865
7151
2299
8888
7300
8122
3264
285
2424
3383
2585
4356
9544
8846
7990
4354
8985
3350
2817
5822
6955
2809
4354
8855
6198
2799
1647
9636
5245
4518
8366
6103
7228
9440
7515
3049
5940
6305
1342
4817
9392
5300
1205
4539
8219
1002
3530
9368
8778
3910
551
786
87
3255
1379
9924
5994
7196
4837
5068
9805
1345
9175
9610
7023
7388
1258
3918
1397
7694
7498
3011
2878
9436
4021
1746
724
8283
6998
2619
6435
5440
3987
6108
9873
6635
4252
3961
3853
8687
7018
9042
4392
1683
3492
2915
3595
3334
4043
5098
1644
1372
2744
7333
9700
4740
558
2019
2280
7244
2881
3303
2585
3054
4828
6228
3367
4052
5507
6581
7660
6046
7651
1042
4111
5491
6274
3854
5953
1856
9832
75
5030
1692
6999
8531
4994
6373
6874
5327
2704
9982
2711
9024
3692
4045
9075
6366
8207
9320
178
7307
6061
7442
641
6721
6103
3799
3798
577
2774
7998
5281
5573
7804
3863
6504
7146
426
3903
5033
571
9113
8366
6183
6750
5232
3013
4791
5146
2912
8760
7340
4066
5663
544
7958
6288
1234
4429
4522
1055
9251
191
4127
8930
9616
6919
8654
6473
6090
6214
4430
9584
190
6696
8332
6362
5669
8364
2330
4109
1049
6448
1108
3973
6099
6624
7300
5796
1628
1356
3819
1706
3812
4275
6106
301
1204
6545
9613
7604
9190
8826
3157
5115
5860
7155
3775
5755
2859
1326
3190
8893
6636
7529
7807
9455
9719
2189
8584
1971
7861
2642
3407
3118
4140
5083
7478
7208
2899
4830
8170
5540
8643
8440
7594
8469
2877
346
3268
523
266
2594
2701
5070
6717
2826
777
6316
6550
6135
474
3107
2780
4503
8700
2854
5900
8678
3179
1219
5746
9782
1894
7818
4574
4341
649
3301
1492
2652
243
9701
1713
4304
5968
3478
3669
1631
2837
5103
2321
7475
9663
3327
5100
4645
8478
4225
1635
8538
991
9645
5753
1597
3452
9955
8733
9360
9700
8757
4923
8751
7943
9773
5642
5364
6904
5603
1081
407
9292
3054
4253
2897
3144
3315
9309
5921
3353
3134
9634
3859
6908
7204
9472
4469
1173
7986
7753
1540
6434
776
5423
7820
6598
5561
9670
5266
9024
2487
844
9426
1588
6358
2327
2154
6595
585
3746
4267
7769
4426
7281
6813
8861
4214
4324
9695
29
3152
5823
4769
1038
8344
3362
2737
7729
2778
7042
9825
9332
6043
566
7889
7315
8649
1546
2065
9143
9540
3188
7691
3064
4970
4502
8023
6691
4996
301
963
4078
665
837
2590
5839
3466
9403
5424
6106
2685
8100
6157
9584
4855
7566
95
1958
2666
5200
8016
6426
2493
701
4588
5334
3951
610
6780
6987
9883
4119
5929
4422
1352
8159
9920
5170
9115
7476
6793
6389
4640
7822
4471
9338
6795
7034
3650
1688
5315
9388
6251
8741
2117
652
4796
3590
6598
5118
3035
7043
3583
6618
1570
2986
4696
2523
5203
3203
7825
3743
8482
8947
5823
1299
8155
9108
8776
4287
9163
2001
5131
3626
74
317
7683
5574
4217
4483
4308
9694
672
2463
3931
3191
3221
4382
2440
8387
6948
2929
9763
3597
1478
6837
734
426
7131
459
7161
2546
6437
1600
2010
5501
7513
5713
1279
5081
5285
9356
4642
6161
142
8607
1411
8221
6073
1040
5079
1032
8088
7854
4335
6017
3563
4853
8177
804
4292
2053
7333
3061
7085
4648
6757
8957
1103
1007
176
2670
26
8472
4532
2285
6877
7260
2992
2291
5144
6465
2370
8745
2463
7313
1851
7163
4101
3385
8158
6919
6275
3830
8489
5718
5893
3556
7028
9936
3087
4948
1719
3504
256
7689
6348
231
4185
8381
6474
8605
6261
1177
3476
7025
9106
5012
5407
8434
3731
8927
3691
7965
1516
6766
1135
8240
7094
6574
3311
9998
8375
9376
7270
9885
5850
7875
1883
1420
7619
4589
272
9828
7344
5176
3433
455
6277
8628
1167
5274
191
3809
126
5511
8015
9359
823
8260
6702
7604
5553
3627
8864
3360
3340
7614
7421
2942
3581
5601
7529
861
5642
8075
3737
513
8693
1659
7057
903
2489
7804
3914
7860
8186
7013
5493
7073
7141
7358
3125
4973
2694
3676
2602
3937
7405
8201
9136
526
375
9647
475
1091
9253
3363
7566
6537
6588
3559
4152
612
1795
8789
8603
5446
2749
6820
7826
4964
1272
948
9814
1898
7097
2466
1228
2668
4462
394
5275
9570
1743
6268
5804
7765
1273
8570
1380
5435
749
8499
3863
3726
2026
2340
1601
7855
6021
3332
1415
7545
9473
9814
7317
1424
7268
4979
6127
4311
9013
4313
4772
2808
3879
6332
1894
4011
2490
4596
7792
2371
723
2848
9926
4369
8435
452
5098
3890
9438
9264
2387
8303
6121
5407
1693
2476
1889
7329
543
7067
6309
5430
197
485
7995
5322
828
4970
2718
8342
1543
856
3478
7857
1557
8372
8357
5546
4300
4289
839
8239
6321
5831
6825
6925
1242
9543
7461
6023
8379
2580
8790
3030
1744
5214
22
4781
8285
1246
1142
4235
2299
5405
6498
9738
8451
9128
9365
6922
8954
3444
967
3624
4638
3131
8726
4201
8272
7760
2931
1618
8373
2478
707
9653
6721
3432
7888
7823
757
3732
6133
4027
6018
4094
3310
4972
4525
3062
1470
8216
2821
3407
4070
2562
3801
7286
4867
7246
8327
5610
6450
4314
6915
2401
9488
4384
6873
7795
4305
9840
7379
1934
8457
4054
7974
3576
6308
5512
2981
6370
8641
7615
6636
5651
4397
4765
7787
399
9728
6592
9939
73
1064
7644
361
1045
9702
8376
2241
2883
2971
5859
2734
5423
5491
2847
3485
7905
7669
7393
2170
9699
5817
3933
7334
5832
8394
6910
6783
8817
2103
1984
9217
6820
6359
5458
6843
8635
9683
9568
9766
6198
2153
8235
2995
7542
7184
8740
2995
1976
7815
1523
2126
898
8656
402
1830
6338
7330
406
924
3186
4173
2118
2370
7436
3745
2748
4982
8595
1809
6361
3629
7091
5014
3236
9169
1378
8360
7213
1630
8844
5960
2743
9652
3824
562
1714
1109
6979
8527
7119
2254
5286
8779
8929
5240
4738
2494
9742
4192
7372
8135
5816
4345
2820
7096
9641
5002
25
4465
1008
5160
3590
7941
848
3857
7537
6057
7016
155
4039
5186
932
5855
5312
3625
4770
8302
59
3194
6253
9449
4958
8634
7757
8039
650
6105
5438
555
8154
3946
6865
3115
956
7682
6569
674
4485
8804
9592
168
7577
6948
5021
145
6535
5844
3659
5802
4820
4613
7195
8562
4347
4540
5857
7369
6991
3682
7426
5616
8678
2188
4185
6233
6889
5865
2316
1267
8601
2172
105
5401
2701
318
2386
323
2100
5533
9545
8368
1777
8956
6198
56
3898
8925
8721
3540
5083
1959
3833
7179
9354
7583
4475
8661
1276
7107
7
7967
8704
108
7143
8258
8296
4256
98
1875
5626
857
1080
245
835
9116
6531
6934
1819
1782
473
2705
8969
7091
63
9794
9402
5594
7899
832
6149
2473
4012
8980
6865
4676
4810
1223
4032
1272
100
1363
853
945
6646
6966
6523
1564
9685
3158
7830
4467
869
5818
6190
8799
6111
2849
1150
9045
6647
4565
7463
1146
9509
5446
1433
6673
4076
86
4670
8130
1645
6349
2275
2446
5735
6884
3119
1084
7418
897
3170
2330
9669
3988
4254
91
3798
4352
5535
830
3363
3655
2966
1749
5369
8731
4664
919
9479
1468
59
7442
7413
9173
7496
6876
6489
7274
7392
6446
3446
9375
8953
2807
3065
3849
5923
6967
224
8464
8788
4537
2216
543
966
4156
2898
3200
6
5310
1968
5385
6328
6848
593
6094
6954
1699
8233
3890
3569
3854
8758
8556
1698
4327
8778
3824
2457
8783
8348
7198
3566
453
4283
1493
9656
6799
4502
6520
7415
1413
3206
5635
8494
6402
9068
699
6029
1218
4275
6598
4967
4251
338
6668
9152
898
1693
3165
5347
2488
1596
9598
3863
8873
5421
8899
4840
5352
3389
5475
8915
6641
8749
5127
2799
3212
824
734
6565
4503
4225
2461
6675
258
8963
5483
4637
5013
6277
9248
2670
8281
1716
4420
9527
3529
4476
2169
3595
5113
9704
4090
4548
493
1003
5534
7825
7629
9862
4163
9465
3116
9372
4460
335
1185
7656
6657
1014
2098
7885
5004
3775
9154
2405
3759
5943
5716
9497
6888
2918
9380
8601
2035
9139
7900
7431
7668
1726
2774
2621
6210
2836
1217
5573
5618
1593
9517
7441
5900
5530
9990
4320
5942
5967
146
6613
4432
4969
2662
4326
2547
3032
9940
7779
5969
229
6097
2338
7575
3999
9799
2435
681
1722
406
9343
168
5026
8723
6370
1152
2164
8729
3264
8341
7261
1449
6966
2644
721
5481
9790
9521
8679
7661
1927
7565
3174
8247
4668
6613
4475
377
6675
4573
7294
854
7524
3829
9084
2851
7338
754
3418
8668
1106
856
1732
9898
5868
254
8193
8960
7989
6842
4814
4265
2782
201
148
8206
8417
335
8676
6209
2327
4153
8186
5958
2519
7962
8171
8879
1878
9948
746
1761
1446
1713
7643
984
4267
2667
9387
7867
9264
8104
8707
1450
5569
4973
4748
5712
3571
1408
3936
8053
8961
5480
7282
1598
4178
3533
562
9278
116
7295
4771
541
3618
1417
2230
2974
241
1790
6897
4859
1013
1306
6872
4454
5835
8709
923
1230
9807
4671
8479
6184
4446
1986
4888
8288
8199
1797
2251
7755
2860
161
6630
9553
225
8590
6814
726
3315
6137
9780
2496
6444
6236
6801
1283
5841
9399
8680
9699
5881
9165
7905
9255
4186
8682
4452
2589
4910
1478
9736
9360
2805
1709
3787
4921
7102
8115
7721
9957
7431
3657
671
7236
1464
7812
9448
2401
2420
3654
5213
5776
3916
3648
2565
3493
7445
7486
9187
782
6470
1304
2197
1303
9888
9737
6335
6365
4836
8301
2295
1642
481
9023
8634
6682
4265
5874
8552
3530
6334
6234
7485
9683
92
6482
8687
9721
7466
129
2323
2528
5478
9766
4023
7981
8044
2913
550
6455
8540
4309
457
2765
8202
2936
6014
1793
5045
6851
3341
6465
3385
3576
85
5445
2304
1440
8156
8836
8694
1222
3648
1607
2049
6240
9560
7874
8765
8627
3687
9823
3888
5888
8584
8957
9708
5557
8297
8847
7454
7426
7614
4096
5851
7835
8092
952
6200
7350
985
1550
580
6548
1922
9674
1836
7467
4399
3653
4785
767
7742
6076
5575
2695
7192
7436
4148
9364
6544
3495
1800
1070
4524
3886
8138
3682
6322
4331
6216
7499
1802
3604
1043
514
6191
7925
1070
5176
1595
9826
5478
1650
534
5948
2537
9612
6208
6530
7786
5670
8784
3044
9852
641
931
6260
9279
2155
8176
9010
6864
2119
7690
8044
2816
7253
2524
2048
4488
1928
363
8469
5607
2059
4603
1813
2775
4435
8086
8607
6207
7387
645
5381
7574
5372
5116
9391
823
6640
5842
6355
5180
7591
5231
9013
6581
943
2742
9444
587
1966
1395
3763
808
3602
870
4195
692
7057
9278
3001
3143
8026
5959
8217
9593
4228
9211
964
1787
9582
4288
7439
1826
6991
7663
962
5806
6301
35
8029
5862
4315
9905
717
1499
2052
3231
8228
5983
5417
1661
7792
1763
1917
8275
9534
7271
5533
1933
7976
2609
2218
8391
4415
9367
7335
9453
3134
7237
3808
4865
420
6470
7400
6296
9013
4966
598
8596
7823
4440
9703
3117
7749
5300
5570
4176
4128
6241
1936
5124
1122
5363
3430
2234
891
7767
7541
8741
8931
7971
5604
6742
9204
4725
6238
1487
939
1066
5938
3850
3811
9470
8119
5873
3396
5219
7517
5253
7425
6959
728
6641
585
8530
9122
5829
404
9009
1920
7932
7030
9377
6906
9325
7512
3290
3308
9028
1073
2908
5123
1363
1092
9903
7469
6641
6549
7434
5423
3829
8369
9725
5392
3548
9743
6115
5591
1253
8745
139
7346
2091
8799
1890
8289
3055
8144
8959
2731
3471
8595
371
4887
1082
3427
9835
9281
3668
125
6474
6662
2799
2999
3001
3285
5200
4257
9611
6529
8509
1117
499
1489
3473
588
7284
6128
9882
8248
4598
2180
706
2417
5996
4334
9077
8220
775
4307
3585
9357
4594
2690
1249
8673
924
9520
5056
2779
6390
5135
1507
3558
7871
6078
3866
4451
7971
1017
9602
1886
4051
8028
9435
7108
2076
1500
9522
8594
9421
1016
8517
6924
5275
6443
7974
2483
9359
1168
7208
1986
1328
293
2967
5270
1285
9836
6057
4118
164
1813
1228
189
7471
7555
8358
5884
2689
8728
190
6876
2121
8989
2174
4652
287
4133
1131
5511
6217
7770
6454
6577
2846
5686
5991
9108
582
6601
3374
6092
6815
1377
5785
5252
1541
562
8281
785
9404
295
1777
1543
2634
7049
6960
5711
2944
2633
3976
8606
5571
5074
3174
3518
1652
5439
1559
3631
1505
7351
5053
9478
2934
4194
2336
2167
5732
252
2725
5051
5690
3903
9892
4020
9677
790
4341
5679
3749
4010
8351
2090
8671
609
9205
6031
2629
1763
7195
8061
1984
4756
687
2733
9823
4273
4911
6812
1327
6199
5148
832
464
7385
1146
5680
2137
9730
51
4043
8812
5939
9872
644
4279
9269
7375
3994
2323
8314
7698
3663
1110
5125
6416
2920
8289
7332
5113
3612
7199
323
6328
8542
933
6008
6702
4027
518
9031
3578
8907
277
7670
1032
9367
7894
6526
1646
3128
3076
258
2255
3697
3025
854
7728
5167
7677
7460
2848
1634
2266
1622
147
2215
8476
4432
4181
5448
3613
524
4640
3316
3409
2246
6078
5631
5359
9001
5882
5406
690
3538
151
4469
5928
8511
8588
9183
431
5898
2619
9838
2063
3843
705
9461
4675
352
6551
9438
7355
1040
2698
9569
2067
6077
7581
7475
3706
7363
7799
8974
1382
353
7396
7245
565
6447
9488
1463
9148
1923
183
9711
9811
2379
3614
8426
974
9350
9998
7033
8733
6481
9874
2080
6481
3539
5
7230
7773
1537
4732
5775
8063
1047
6053
8192
766
3844
6460
8527
4235
6646
8999
5285
5001
6892
5393
1948
1131
1448
3089
794
256
2900
2659
9109
5643
8415
998
2317
2063
6080
6437
1989
3944
2184
4501
8817
2148
2923
5922
5577
559
5827
5363
5829
2849
724
6725
9642
3559
2820
8135
2919
3219
2249
9494
363
823
9374
2414
4151
4805
6920
4773
2024
2334
205
7550
1308
2091
7222
924
3924
1856
8006
1533
8557
8686
5772
380
618
8481
3905
8237
337
9061
8419
7591
7670
4030
8832
7542
907
7306
4181
2209
6085
313
1843
2117
2581
2724
9004
704
1219
1919
7875
448
108
4258
1923
6908
8505
1045
1700
9866
5777
4306
2434
5323
399
6022
1363
9651
5287
1478
1517
8025
6953
9644
8544
9551
9596
5266
9888
8609
9853
8320
4451
2075
1355
3362
2907
7356
2193
4519
526
5498
4100
2500
5124
4250
8908
4330
3150
