4206
5013
8719
3399
9056
8726
9054
8607
1320
1467
7082
6452
8764
3153
6431
1837
2068
3413
2965
2853
1240
5698
3904
8549
2688
8247
4190
8196
2070
6222
4446
7445
237
1782
6285
2274
1787
1173
4425
2948
6422
8181
9747
6324
552
806
6121
5198
3160
3801
5937
1401
722
2228
4696
7836
6796
3623
5614
1308
380
8616
6693
7234
8503
2282
5897
6236
7436
945
8040
1246
4199
2315
4359
3595
4564
5810
8759
4316
3037
6175
3314
1282
362
927
2311
5743
72
6086
3246
7492
7895
9505
8378
6188
2075
3285
4816
9181
3419
1794
4497
3149
9177
6139
5363
5330
6861
1240
8372
1053
1506
7548
9214
8619
3699
5805
717
9170
8142
9352
2670
5484
3873
5695
8579
2261
6808
7241
2061
2756
1880
3499
7673
714
7104
521
6006
8699
1805
549
1050
9323
1020
4322
9542
1928
6222
5638
7942
6382
4096
1780
7203
330
8108
5374
6150
4871
3481
8923
9680
7796
8472
8638
8293
5781
3455
3417
3651
288
8977
5119
4386
1943
5496
1005
5208
978
6277
8154
82
5468
9879
5490
4892
5497
9987
8832
6956
683
9370
6921
3005
8
3217
6461
7507
1635
633
494
5172
1513
6309
997
2743
8550
7079
6187
8028
7253
7355
1078
6567
4802
2953
9329
9327
8330
9606
906
4615
59
7722
5717
9559
2832
7483
6789
7300
9359
5082
6091
5648
8089
7356
9951
6462
953
7101
4857
8710
119
8387
4039
2697
3290
5418
6992
3782
4511
2175
27
4317
1986
3131
6479
2034
6345
8794
2277
25
1670
842
2886
5155
6306
7832
9487
6380
4126
1913
1157
3599
5942
4418
6621
2350
8621
4354
7269
5843
183
2470
9923
9313
5767
402
169
4007
8467
6732
7048
2056
8433
173
6941
9000
8637
5907
4256
2035
2950
7256
9235
1320
8244
4145
58
365
9172
3751
7529
7567
461
4785
5644
1843
3620
9094
3024
5103
7339
724
9340
9606
665
5258
5877
6743
1603
6966
4595
9060
7001
4755
7517
2842
6344
9960
4952
3074
9772
2488
2895
2964
8439
7992
2275
3016
6357
3135
5287
328
4319
2578
156
1840
4879
8754
7577
4690
4750
8228
5574
1270
966
5453
8558
5457
4207
8421
292
5110
8660
8141
7646
5216
7835
3154
6300
8505
3979
993
4043
3552
2997
1747
4909
2593
9312
7952
39
8698
7781
4596
1536
9244
6094
5674
2997
3850
6710
9067
6636
576
6570
8217
5038
6646
2780
4132
8393
4890
1376
5562
5017
1101
7542
426
6245
5823
8266
2248
7973
2959
8460
3799
5221
2836
6293
3523
8958
7912
8433
4411
5586
8882
4535
912
8979
2984
387
5132
9235
2167
8179
3638
7997
1864
9099
8670
6439
6180
3954
6167
9704
3888
2744
8593
6281
1928
2821
9915
331
8733
9856
2918
7286
8205
7008
7451
8723
6631
6211
8239
8001
422
5958
5710
3531
1493
860
42
2994
967
5807
9006
3024
1659
8980
6925
5769
3923
198
8640
5266
7406
1940
5288
5811
7884
8716
3953
6705
8644
2398
2608
4761
103
860
1399
3829
6436
9281
1054
919
6086
3326
8570
9498
2664
4640
8099
7028
6845
1940
1797
4770
4351
1217
7066
2806
6242
8611
3050
8484
2569
4930
4174
6876
9162
8473
3574
1207
4873
7440
7657
5859
7629
2012
9465
5636
5323
7803
9019
474
9722
9646
8123
3784
1400
1606
1177
6747
7584
8687
7481
6630
6841
3741
7551
6339
4863
8493
897
7312
8905
2408
9064
4440
8281
3942
479
3459
944
1139
298
10000
2546
203
2706
8206
3198
240
5144
7844
3853
9320
4363
4657
2429
2838
3713
5951
21
1168
5766
9411
5613
8406
53
2701
6179
6461
3471
1437
5564
980
4878
432
3509
9188
1177
3437
2727
4306
6406
7436
3517
9713
5765
8733
7756
5080
4698
8297
4535
194
3151
2430
4769
9501
506
5189
1880
1932
7162
7329
3702
809
9619
8232
2142
9268
9789
292
9210
4220
5065
6889
9718
9154
6115
5809
3442
6160
9676
9710
9992
7102
6900
9758
4273
3294
2921
3731
3027
2225
1906
6
392
4810
432
3528
2920
5366
5135
5661
4653
2982
5316
2952
8039
8283
7245
7215
6624
7698
9203
9488
6999
3881
388
7984
3958
263
1679
642
4651
154
832
3508
3888
1882
7500
4777
1086
2193
4680
1668
541
4672
5967
9215
8314
7473
3140
422
8768
3929
8829
5896
7434
2302
748
228
7498
779
3959
6590
4793
4782
6379
7715
5342
4211
2518
7840
2809
3826
279
9933
3495
1272
2145
175
4321
7873
6302
6586
9465
3072
4767
5046
9834
4184
2080
4306
6471
6751
5652
584
4016
9315
4508
7061
913
4892
6160
602
4842
2675
1392
9926
2382
119
5952
7740
3872
1142
9303
2663
8586
7936
2718
9700
7085
4541
4547
9688
1229
7418
7446
6579
2807
2185
4791
1735
6653
8488
52
5058
9037
8999
9332
1724
9396
1972
835
344
9954
4773
5760
2137
3254
7907
1777
8483
2867
6207
9158
800
4341
1206
9258
2866
4
9935
7666
112
809
2558
2123
850
1838
4923
2826
6861
614
4548
7473
2085
3491
9498
3107
4209
3643
4964
1056
6642
1004
4829
9282
7269
6467
5135
2458
8415
6713
9419
3089
4079
944
9633
2691
6542
5712
8842
1743
1779
3269
1894
8554
382
9642
9657
524
6542
4122
2843
4019
2319
5762
511
2755
2653
7456
8994
2334
4632
8716
3299
1257
3727
5816
2381
7616
7154
5641
2320
3701
4405
4190
6883
7992
5976
2349
4112
6112
7133
6559
109
3440
9822
7552
4240
6984
967
4260
7137
7283
1945
3120
2004
1705
5500
1589
4168
6611
6531
3232
3744
416
3292
7698
8693
5858
6252
6244
3409
2377
425
8349
5159
5316
4135
8905
3435
2180
9368
7394
5151
2352
8471
3539
9832
3369
5958
9320
1323
1860
6573
9938
6964
8455
735
9732
4787
7092
9306
9115
4065
3622
9970
368
6202
4277
8267
7830
1206
9527
5932
3042
4784
1929
5112
6748
2326
