982
9356
9394
528
8335
2832
299
8087
5511
7825
9301
9644
4352
9365
6993
524
2472
5288
2281
7447
4024
8858
7860
6057
9090
8941
7521
8254
4491
3667
225
1260
847
1489
1688
5520
5617
6316
582
7367
1427
6915
9292
6833
6570
7279
6764
8097
1532
6834
6660
3634
4009
7989
6167
6366
8675
8991
8639
9220
1948
2557
4576
9849
9731
5852
6555
3508
7350
7810
2216
8336
2540
1859
2710
6080
9722
3060
6197
205
9347
9613
5369
1985
9969
5401
4787
5546
8303
1431
1266
9771
302
1466
5789
4939
6188
4248
7194
1353
