10000
9999
9999
9999
9998
9997
9996
9996
9995
9994
9994
9994
9992
9992
9991
9991
9989
9989
9989
9988
9987
9987
9985
9984
9984
9983
9983
9982
9981
9981
9980
9978
9977
9977
9976
9974
9974
9974
9974
9974
9974
9974
9972
9972
9971
9971
9971
9969
9968
9968
9967
9967
9963
9963
9961
9961
9960
9960
9959
9959
9959
9958
9955
9954
9954
9953
9953
9952
9949
9949
9948
9947
9945
9945
9944
9943
9941
9940
9938
9938
9938
9937
9935
9935
9933
9933
9933
9931
9931
9931
9931
9931
9931
9930
9929
9927
9927
9927
9926
9925
9924
9923
9922
9921
9920
9920
9919
9919
9917
9915
9915
9912
9909
9908
9907
9906
9905
9905
9904
9902
9901
9901
9900
9899
9895
9891
9889
9889
9889
9888
9888
9883
9883
9881
9881
9881
9880
9879
9879
9878
9877
9875
9875
9875
9875
9874
9874
9873
9873
9873
9873
9870
9870
9868
9866
9865
9863
9862
9862
9861
9861
9860
9860
9858
9858
9857
9854
9853
9852
9851
9850
9850
9848
9848
9847
9846
9846
9845
9843
9843
9843
9842
9840
9840
9840
9840
9839
9838
9837
9836
9835
9833
9832
9828
9827
9827
9826
9826
9823
9822
9821
9820
9819
9818
9815
9815
9814
9813
9813
9812
9811
9811
9810
9810
9808
9808
9808
9806
9806
9805
9803
9800
9799
9798
9798
9797
9797
9797
9797
9795
9794
9793
9793
9792
9792
9788
9788
9785
9784
9784
9783
9783
9782
9781
9780
9780
9780
9779
9778
9778
9778
9777
9776
9774
9773
9773
9770
9767
9765
9765
9765
9765
9764
9762
9762
9762
9761
9761
9760
9757
9756
9755
9754
9752
9752
9751
9750
9750
9747
9747
9747
9746
9745
9745
9743
9742
9742
9742
9741
9739
9739
9738
9736
9735
9735
9735
9733
9733
9731
9731
9728
9728
9728
9726
9725
9725
9725
9724
9724
9721
9721
9720
9719
9719
9719
9717
9717
9717
9716
9716
9716
9714
9712
9711
9711
9709
9709
9706
9704
9704
9702
9701
9701
9700
9700
9699
9696
9695
9694
9694
9694
9693
9691
9688
9687
9686
9683
9682
9681
9681
9679
9679
9678
9676
9676
9674
9674
9673
9673
9673
9673
9673
9672
9672
9672
9671
9671
9666
9666
9666
9665
9663
9663
9662
9661
9661
9661
9661
9660
9659
9658
9657
9657
9656
9656
9654
9654
9653
9652
9651
9650
9649
9649
9648
9648
9647
9645
9644
9644
9644
9643
9642
9641
9641
9640
9640
9639
9638
9638
9637
9634
9634
9634
9633
9633
9633
9633
9628
9626
9626
9625
9623
9623
9623
9623
9622
9621
9621
9620
9620
9620
9620
9619
9619
9618
9617
9614
9614
9614
9613
9613
9612
9612
9611
9605
9602
9602
9601
9601
9600
9598
9598
9597
9596
9595
9595
9594
9593
9592
9591
9590
9589
9589
9588
9588
9587
9587
9587
9585
9585
9584
9582
9582
9582
9581
9580
9579
9577
9577
9577
9577
9576
9574
9574
9574
9573
9572
9571
9570
9569
9569
9566
9566
9565
9563
9561
9561
9561
9561
9559
9558
9557
9557
9557
9557
9556
9555
9555
9554
9554
9552
9550
9549
9548
9548
9547
9546
9544
9543
9542
9540
9540
9536
9534
9533
9532
9532
9531
9528
9527
9527
9526
9526
9526
9526
9523
9522
9520
9519
9519
9518
9516
9513
9512
9510
9508
9507
9507
9506
9505
9505
9505
9504
9503
9503
9502
9502
9500
9498
9498
9495
9494
9492
9491
9489
9489
9487
9486
9480
9479
9478
9477
9477
9476
9475
9473
9472
9471
9470
9469
9468
9467
9467
9466
9466
9466
9465
9463
9463
9462
9461
9460
9460
9459
9457
9455
9455
9454
9452
9450
9448
9448
9448
9448
9447
9446
9446
9446
9446
9444
9443
9442
9441
9438
9437
9436
9436
9436
9435
9435
9434
9433
9433
9433
9428
9427
9426
9424
9424
9423
9422
9420
9420
9420
9417
9417
9415
9414
9413
9412
9412
9409
9409
9409
9407
9407
9407
9405
9405
9402
9401
9400
9400
9399
9398
9398
9397
9395
9392
9388
9388
9385
9385
9385
9384
9384
9383
9381
9381
9380
9380
9379
9379
9378
9378
9377
9376
9376
9375
9375
9373
9373
9372
9372
9370
9368
9368
9365
9363
9362
9362
9362
9361
9360
9359
9359
9359
9358
9355
9354
9351
9347
9344
9343
9343
9342
9342
9340
9335
9335
9334
9334
9332
9331
9330
9330
9330
9330
9329
9329
9329
9328
9327
9327
9326
9326
9325
9325
9324
9324
9324
9324
9321
9320
9320
9320
9319
9319
9319
9318
9316
9315
9314
9313
9309
9307
9307
9307
9307
9306
9305
9305
9303
9301
9301
9300
9300
9300
9298
9298
9297
9297
9297
9296
9295
9294
9293
9289
9288
9285
9284
9283
9283
9278
9278
9278
9277
9276
9276
9275
9274
9272
9272
9272
9272
9270
9269
9269
9268
9268
9267
9264
9263
9262
9257
9257
9255
9254
9254
9254
9253
9253
9251
9249
9245
9245
9244
9244
9243
9242
9242
9242
9238
9237
9237
9236
9235
9235
9235
9235
9234
9231
9228
9228
9227
9227
9226
9223
9219
9218
9216
9216
9215
9214
9214
9212
9212
9212
9211
9211
9211
9210
9209
9207
9205
9205
9203
9203
9202
9202
9202
9201
9200
9199
9198
9198
9197
9196
9196
9194
9194
9194
9191
9190
9187
9186
9184
9182
9181
9179
9179
9178
9177
9176
9175
9174
9172
9171
9171
9165
9160
9160
9158
9158
9155
9154
9153
9152
9150
9148
9148
9146
9146
9145
9144
9143
9142
9142
9141
9141
9141
9140
9139
9139
9138
9137
9135
9134
9134
9132
9132
9131
9131
9130
9125
9125
9125
9124
9120
9120
9119
9119
9118
9117
9117
9115
9115
9114
9113
9113
9113
9112
9112
9112
9111
9111
9109
9108
9107
9106
9103
9102
9101
9100
9099
9099
9099
9098
9095
9093
9093
9092
9092
9092
9090
9089
9088
9087
9086
9085
9085
9082
9081
9081
9077
9077
9077
9076
9076
9076
9075
9073
9073
9073
9071
9071
9070
9070
9069
9069
9068
9067
9065
9065
9064
9063
9059
9058
9058
9057
9056
9055
9055
9053
9053
9053
9052
9050
9050
9049
9049
9047
9047
9046
9045
9043
9043
9043
9042
9042
9041
9041
9040
9040
9039
9036
9036
9035
9035
9034
9033
9033
9032
9031
9030
9030
9030
9030
9028
9025
9024
9023
9021
9021
9021
9021
9021
9020
9020
9019
9018
9018
9017
9017
9017
9017
9016
9015
9015
9014
9013
9011
9007
9006
9006
9005
9005
9002
9000
8998
8998
8997
8997
8996
8995
8995
8994
8994
8992
8990
8989
8989
8987
8986
8981
8980
8980
8976
8976
8975
8975
8975
8974
8973
8973
8972
8971
8969
8966
8965
8964
8963
8963
8963
8961
8960
8959
8958
8957
8957
8956
8956
8955
8952
8947
8947
8946
8944
8943
8943
8942
8942
8941
8941
8940
8940
8939
8938
8935
8935
8935
8935
8934
8933
8933
8932
8932
8930
8929
8928
8925
8925
8924
8924
8923
8923
8923
8920
8917
8915
8914
8914
8912
8912
8911
8911
8910
8910
8909
8909
8904
8903
8903
8903
8902
8900
8899
8899
8898
8898
8898
8897
8897
8894
8894
8894
8891
8889
8889
8888
8887
8885
8882
8879
8878
8878
8878
8877
8876
8876
8876
8875
8873
8872
8872
8872
8871
8871
8869
8869
8869
8868
8868
8868
8867
8866
8865
8863
8861
8861
8859
8859
8858
8858
8854
8854
8851
8850
8847
8847
8846
8846
8843
8841
8839
8839
8837
8836
8836
8836
8835
8835
8834
8833
8831
8830
8830
8828
8827
8826
8825
8825
8824
8823
8823
8820
8818
8817
8815
8814
8813
8810
8810
8809
8808
8806
8806
8803
8802
8802
8800
8799
8799
8799
8799
8799
8797
8797
8795
8795
8795
8794
8793
8792
8792
8791
8790
8790
8789
8787
8787
8787
8786
8783
8783
8780
8779
8779
8778
8778
8777
8777
8776
8775
8774
8772
8772
8772
8771
8770
8768
8767
8766
8761
8761
8761
8759
8757
8757
8756
8756
8754
8753
8752
8751
8751
8745
8743
8743
8742
8740
8740
8739
8739
8738
8736
8733
8732
8731
8730
8730
8730
8730
8729
8729
8727
8726
8726
8724
8723
8723
8723
8723
8722
8721
8721
8718
8716
8716
8712
8712
8707
8707
8707
8706
8706
8705
8704
8703
8702
8702
8701
8701
8700
8700
8700
8699
8699
8698
8698
8697
8697
8695
8694
8694
8693
8692
8690
8690
8690
8689
8688
8688
8687
8686
8686
8684
8684
8684
8682
8682
8682
8681
8681
8679
8679
8678
8676
8674
8672
8671
8669
8668
8666
8664
8663
8663
8663
8662
8662
8662
8661
8660
8660
8659
8657
8657
8655
8654
8650
8648
8647
8646
8646
8641
8639
8638
8635
8633
8633
8632
8631
8631
8627
8627
8627
8627
8627
8623
8621
8620
8620
8620
8619
8619
8618
8617
8616
8616
8616
8614
8613
8611
8608
8603
8603
8603
8601
8599
8599
8598
8597
8597
8595
8594
8594
8593
8592
8592
8592
8592
8591
8591
8590
8589
8588
8587
8587
8587
8586
8586
8586
8586
8583
8583
8582
8582
8582
8581
8581
8581
8579
8577
8577
8574
8573
8573
8572
8572
8570
8569
8568
8566
8566
8565
8564
8564
8563
8561
8560
8560
8560
8560
8558
8557
8557
8556
8556
8555
8555
8554
8553
8553
8550
8547
8547
8546
8544
8542
8542
8542
8542
8541
8537
8537
8535
8535
8534
8534
8532
8532
8531
8531
8529
8528
8528
8527
8527
8526
8526
8526
8522
8521
8520
8520
8519
8518
8518
8515
8511
8511
8510
8509
8509
8506
8506
8504
8502
8502
8501
8500
8500
8497
8497
8494
8493
8493
8490
8488
8488
8486
8484
8483
8483
8482
8481
8481
8480
8478
8478
8478
8478
8475
8473
8473
8472
8471
8471
8470
8470
8469
8467
8464
8463
8463
8463
8463
8461
8460
8459
8458
8458
8457
8457
8456
8455
8453
8453
8453
8452
8452
8451
8449
8449
8449
8449
8449
8448
8447
8447
8446
8446
8443
8443
8442
8441
8440
8439
8439
8434
8434
8433
8432
8430
8430
8429
8429
8428
8428
8425
8425
8422
8422
8420
8420
8418
8418
8417
8417
8416
8415
8415
8413
8412
8410
8407
8407
8407
8406
8405
8405
8403
8402
8401
8399
8399
8398
8397
8396
8395
8395
8391
8385
8385
8383
8380
8379
8379
8375
8374
8373
8373
8373
8372
8372
8371
8370
8370
8367
8365
8365
8364
8364
8364
8364
8363
8361
8360
8360
8359
8358
8356
8354
8354
8352
8351
8350
8349
8349
8348
8347
8346
8346
8346
8345
8345
8345
8344
8344
8344
8343
8341
8338
8337
8333
8332
8332
8332
8332
8330
8329
8329
8327
8324
8323
8322
8320
8319
8319
8319
8318
8314
8314
8314
8313
8312
8312
8312
8311
8311
8310
8310
8309
8309
8309
8305
8305
8304
8304
8304
8302
8300
8299
8299
8299
8296
8296
8294
8293
8291
8291
8291
8291
8287
8286
8285
8284
8283
8282
8281
8279
8279
8279
8278
8278
8277
8277
8277
8277
8276
8276
8276
8275
8274
8272
8271
8270
8267
8267
8266
8264
8263
8263
8262
8259
8259
8259
8258
8256
8255
8255
8253
8253
8252
8250
8248
8248
8247
8245
8244
8243
8240
8239
8239
8238
8238
8235
8235
8234
8233
8233
8231
8229
8228
8227
8226
8224
8224
8223
8222
8221
8220
8220
8220
8218
8218
8218
8217
8216
8213
8213
8213
8213
8212
8209
8206
8205
8205
8204
8204
8203
8202
8202
8201
8201
8199
8198
8196
8196
8195
8195
8195
8194
8194
8193
8192
8191
8190
8188
8187
8185
8183
8183
8181
8181
8177
8177
8175
8174
8174
8172
8170
8170
8169
8168
8164
8163
8163
8161
8160
8160
8159
8158
8155
8154
8153
8152
8152
8152
8151
8151
8151
8149
8148
8148
8144
8140
8139
8139
8138
8138
8137
8135
8134
8134
8134
8133
8132
8132
8131
8130
8130
8129
8129
8129
8127
8127
8123
8123
8123
8123
8120
8118
8116
8114
8113
8113
8112
8112
8111
8109
8109
8108
8106
8106
8105
8105
8104
8104
8104
8103
8103
8103
8102
8098
8097
8097
8097
8096
8096
8094
8094
8094
8093
8092
8091
8091
8089
8088
8087
8086
8086
8085
8083
8083
8081
8079
8079
8076
8075
8075
8075
8073
8071
8070
8069
8069
8068
8065
8063
8062
8061
8061
8060
8057
8057
8057
8055
8053
8051
8051
8051
8048
8045
8044
8044
8043
8042
8040
8038
8037
8036
8035
8033
8032
8032
8031
8031
8030
8029
8028
8027
8026
8026
8024
8023
8019
8018
8017
8015
8010
8010
8010
8010
8009
8007
8007
8005
8005
8004
8003
8003
8000
7999
7998
7997
7997
7996
7995
7994
7993
7985
7983
7983
7983
7982
7982
7981
7981
7979
7974
7974
7974
7974
7973
7972
7972
7971
7971
7969
7969
7966
7965
7963
7963
7962
7957
7953
7952
7952
7952
7951
7949
7949
7948
7948
7948
7948
7947
7947
7945
7945
7942
7941
7940
7939
7938
7938
7937
7937
7937
7931
7930
7930
7930
7929
7929
7928
7927
7922
7921
7921
7921
7920
7919
7919
7919
7918
7918
7916
7916
7915
7915
7914
7914
7912
7910
7909
7908
7906
7905
7904
7904
7902
7901
7900
7899
7899
7899
7899
7896
7896
7893
7892
7889
7888
7884
7884
7884
7883
7882
7882
7882
7881
7881
7879
7879
7879
7878
7877
7876
7875
7875
7873
7872
7871
7868
7866
7863
7862
7860
7860
7859
7858
7851
7850
7848
7847
7845
7845
7845
7845
7845
7844
7844
7844
7842
7842
7841
7838
7837
7837
7835
7835
7835
7832
7831
7831
7831
7831
7829
7829
7828
7828
7827
7824
7824
7822
7821
7820
7819
7818
7817
7817
7817
7816
7816
7815
7815
7813
7813
7811
7811
7810
7810
7809
7808
7808
7808
7806
7805
7804
7802
7801
7799
7799
7799
7798
7797
7797
7797
7796
7795
7795
7793
7791
7791
7791
7790
7789
7788
7787
7787
7786
7785
7784
7782
7781
7781
7779
7779
7777
7777
7774
7774
7773
7772
7771
7770
7769
7769
7769
7768
7767
7766
7766
7765
7763
7761
7760
7760
7760
7759
7759
7756
7756
7755
7754
7753
7753
7752
7752
7749
7748
7748
7748
7747
7747
7746
7745
7745
7744
7744
7743
7742
7742
7740
7739
7739
7739
7737
7737
7735
7735
7734
7734
7734
7733
7733
7732
7732
7732
7728
7724
7724
7722
7722
7721
7719
7716
7714
7714
7714
7712
7711
7711
7709
7709
7708
7704
7704
7703
7703
7701
7699
7697
7696
7696
7695
7694
7689
7686
7684
7683
7682
7682
7682
7681
7679
7678
7678
7678
7677
7677
7677
7675
7675
7675
7672
7671
7669
7667
7665
7664
7663
7662
7659
7659
7654
7652
7651
7651
7650
7649
7647
7647
7645
7645
7642
7642
7641
7641
7641
7641
7640
7639
7638
7638
7637
7637
7634
7633
7632
7631
7631
7630
7629
7628
7627
7626
7624
7623
7622
7622
7622
7621
7619
7617
7617
7616
7613
7611
7611
7611
7609
7609
7604
7603
7603
7603
7603
7602
7602
7601
7597
7595
7593
7591
7590
7588
7588
7587
7586
7586
7586
7585
7585
7585
7585
7581
7575
7573
7573
7571
7571
7570
7569
7568
7565
7563
7562
7562
7559
7559
7558
7557
7556
7556
7556
7555
7554
7554
7553
7553
7551
7549
7548
7548
7546
7545
7545
7545
7545
7544
7544
7544
7544
7543
7541
7541
7540
7536
7536
7535
7534
7531
7531
7530
7529
7527
7527
7525
7523
7522
7521
7519
7518
7516
7515
7515
7514
7514
7513
7508
7507
7506
7505
7505
7505
7505
7503
7500
7500
7497
7493
7492
7490
7490
7489
7488
7486
7485
7485
7485
7484
7483
7483
7482
7482
7481
7481
7479
7479
7479
7477
7476
7474
7473
7473
7472
7471
7471
7470
7465
7464
7462
7462
7461
7457
7457
7456
7454
7453
7452
7448
7447
7447
7447
7446
7444
7444
7441
7441
7441
7441
7440
7439
7439
7439
7439
7434
7432
7431
7431
7431
7431
7430
7428
7426
7425
7424
7424
7422
7421
7421
7420
7420
7418
7415
7415
7414
7414
7414
7412
7412
7411
7410
7410
7407
7407
7405
7403
7401
7400
7400
7400
7398
7397
7395
7395
7395
7395
7392
7392
7390
7389
7388
7387
7386
7384
7383
7382
7380
7380
7380
7378
7378
7377
7377
7374
7372
7367
7366
7365
7365
7364
7364
7363
7362
7361
7361
7358
7358
7357
7357
7356
7356
7355
7353
7353
7352
7352
7348
7347
7345
7344
7344
7344
7343
7340
7339
7336
7336
7336
7336
7336
7335
7333
7333
7332
7332
7331
7331
7330
7330
7328
7327
7325
7324
7324
7323
7323
7322
7318
7318
7316
7315
7315
7313
7312
7312
7311
7308
7307
7307
7305
7303
7301
7299
7298
7297
7297
7297
7296
7295
7294
7294
7294
7294
7293
7292
7292
7291
7291
7287
7287
7286
7286
7286
7282
7282
7281
7281
7281
7278
7278
7276
7276
7274
7274
7273
7272
7271
7271
7271
7270
7269
7269
7269
7268
7267
7267
7266
7265
7264
7263
7262
7262
7262
7261
7259
7259
7259
7258
7258
7257
7256
7255
7254
7254
7252
7252
7250
7250
7249
7245
7245
7245
7245
7245
7244
7244
7243
7242
7241
7241
7239
7238
7236
7236
7236
7235
7233
7231
7231
7231
7231
7230
7230
7229
7228
7228
7227
7226
7226
7222
7221
7220
7219
7219
7218
7217
7214
7213
7212
7211
7210
7209
7206
7203
7202
7201
7200
7198
7197
7195
7195
7194
7191
7189
7186
7183
7183
7182
7180
7179
7177
7175
7174
7174
7172
7172
7170
7169
7165
7165
7165
7163
7163
7162
7162
7161
7160
7159
7158
7158
7157
7157
7157
7157
7156
7155
7151
7151
7151
7150
7149
7148
7148
7147
7146
7145
7144
7143
7142
7139
7138
7135
7135
7133
7133
7132
7131
7129
7127
7127
7126
7126
7125
7124
7124
7123
7122
7119
7116
7113
7109
7109
7105
7103
7102
7100
7099
7098
7098
7097
7097
7096
7096
7095
7095
7095
7095
7094
7092
7091
7091
7090
7089
7089
7088
7088
7088
7088
7087
7086
7085
7083
7082
7082
7079
7079
7079
7077
7077
7070
7065
7063
7063
7063
7059
7058
7058
7058
7057
7056
7056
7056
7055
7054
7054
7054
7053
7052
7051
7051
7050
7050
7049
7049
7048
7046
7044
7043
7043
7043
7039
7039
7039
7038
7038
7038
7037
7037
7035
7035
7034
7033
7033
7033
7032
7032
7032
7028
7026
7025
7024
7024
7023
7021
7021
7019
7019
7018
7016
7015
7013
7010
7008
7007
7007
7006
7006
7006
7003
7002
7002
7001
7001
7000
7000
7000
6999
6999
6998
6998
6998
6997
6996
6995
6994
6993
6992
6992
6991
6991
6991
6990
6989
6989
6987
6985
6983
6982
6982
6976
6974
6973
6973
6971
6970
6969
6965
6965
6964
6964
6961
6961
6961
6961
6961
6958
6957
6956
6956
6955
6955
6955
6954
6954
6952
6952
6949
6948
6945
6944
6943
6937
6935
6933
6932
6930
6929
6927
6926
6925
6924
6923
6923
6922
6922
6921
6921
6919
6917
6917
6914
6914
6913
6913
6911
6908
6908
6906
6905
6904
6903
6902
6898
6896
6895
6895
6894
6894
6894
6890
6889
6887
6885
6884
6884
6883
6883
6883
6883
6882
6882
6881
6878
6878
6876
6874
6874
6872
6871
6868
6867
6867
6865
6865
6864
6862
6861
6860
6859
6859
6858
6857
6857
6854
6854
6854
6850
6850
6849
6847
6845
6845
6844
6843
6841
6841
6841
6840
6839
6837
6836
6835
6833
6831
6830
6830
6826
6823
6822
6822
6822
6821
6820
6819
6818
6818
6817
6815
6811
6809
6808
6807
6804
6803
6802
6802
6802
6802
6801
6801
6799
6798
6797
6795
6794
6792
6791
6789
6788
6784
6783
6783
6782
6782
6782
6781
6780
6780
6776
6773
6772
6772
6771
6771
6770
6769
6767
6767
6767
6766
6764
6762
6762
6760
6760
6760
6759
6759
6758
6758
6758
6756
6756
6755
6754
6754
6753
6753
6753
6753
6752
6751
6751
6747
6746
6743
6743
6740
6738
6737
6737
6734
6734
6733
6731
6731
6730
6729
6728
6727
6727
6726
6725
6725
6725
6724
6723
6722
6722
6722
6719
6718
6718
6717
6715
6715
6715
6714
6713
6713
6708
6707
6707
6706
6705
6705
6704
6704
6703
6702
6702
6702
6698
6698
6697
6696
6695
6694
6694
6693
6692
6689
6688
6686
6684
6684
6684
6683
6683
6683
6683
6682
6682
6682
6682
6681
6680
6680
6677
6677
6676
6676
6669
6669
6669
6667
6663
6663
6660
6657
6657
6657
6656
6656
6655
6654
6653
6653
6652
6651
6650
6650
6650
6650
6649
6649
6646
6646
6645
6645
6644
6643
6642
6641
6640
6640
6639
6639
6639
6639
6638
6638
6638
6635
6633
6632
6632
6632
6631
6631
6630
6628
6623
6622
6620
6619
6618
6617
6617
6615
6612
6611
6611
6611
6610
6607
6605
6604
6604
6602
6601
6601
6600
6598
6597
6597
6597
6594
6593
6592
6592
6592
6591
6590
6589
6589
6587
6587
6586
6586
6584
6584
6582
6580
6579
6578
6577
6577
6577
6576
6575
6574
6573
6572
6571
6571
6570
6569
6567
6567
6567
6566
6564
6564
6560
6560
6558
6558
6557
6553
6553
6553
6551
6550
6550
6547
6544
6544
6543
6542
6542
6541
6536
6534
6533
6533
6532
6532
6532
6530
6530
6530
6529
6528
6526
6525
6525
6523
6522
6522
6521
6521
6521
6519
6518
6517
6516
6515
6515
6512
6508
6505
6504
6503
6502
6501
6501
6500
6499
6499
6497
6495
6494
6494
6491
6491
6489
6489
6488
6487
6487
6486
6486
6484
6482
6482
6479
6479
6478
6477
6474
6470
6469
6469
6466
6464
6463
6463
6462
6460
6460
6460
6460
6459
6458
6458
6458
6457
6456
6455
6453
6452
6451
6451
6447
6447
6447
6446
6446
6444
6444
6443
6443
6442
6441
6441
6440
6440
6439
6438
6437
6437
6437
6437
6437
6437
6436
6433
6432
6431
6429
6429
6428
6427
6425
6425
6424
6424
6423
6423
6422
6421
6420
6419
6419
6418
6417
6416
6416
6415
6415
6413
6413
6411
6410
6410
6409
6408
6408
6407
6405
6404
6404
6403
6403
6403
6402
6401
6401
6400
6399
6399
6399
6398
6398
6397
6396
6395
6395
6393
6391
6391
6389
6389
6388
6387
6386
6386
6384
6383
6381
6379
6379
6379
6377
6374
6374
6373
6373
6370
6369
6367
6364
6364
6364
6363
6363
6363
6363
6362
6361
6361
6361
6360
6359
6359
6356
6356
6355
6354
6354
6353
6351
6351
6350
6349
6349
6348
6348
6346
6342
6341
6341
6340
6339
6337
6335
6335
6333
6333
6332
6332
6332
6332
6331
6330
6328
6328
6325
6324
6323
6322
6322
6318
6317
6317
6316
6316
6315
6315
6312
6312
6312
6311
6310
6309
6309
6308
6308
6306
6304
6303
6300
6299
6298
6298
6298
6295
6294
6294
6290
6286
6285
6285
6285
6284
6284
6283
6283
6277
6277
6276
6274
6272
6272
6271
6271
6270
6268
6267
6266
6265
6264
6264
6264
6263
6261
6260
6260
6260
6260
6258
6258
6257
6256
6256
6256
6255
6255
6255
6254
6252
6252
6251
6250
6250
6250
6248
6248
6247
6247
6245
6245
6245
6244
6243
6243
6243
6241
6241
6240
6238
6236
6236
6235
6235
6235
6234
6233
6231
6228
6227
6225
6225
6224
6224
6223
6222
6222
6222
6221
6221
6215
6213
6210
6207
6206
6204
6204
6204
6203
6203
6203
6203
6199
6198
6196
6196
6195
6192
6191
6190
6190
6189
6189
6189
6189
6188
6188
6186
6185
6183
6183
6181
6179
6177
6176
6175
6175
6174
6174
6173
6171
6169
6169
6168
6168
6168
6167
6167
6165
6163
6163
6162
6162
6161
6159
6159
6158
6157
6156
6155
6155
6153
6153
6153
6151
6151
6150
6150
6148
6144
6143
6140
6140
6138
6137
6137
6136
6135
6135
6135
6133
6132
6130
6126
6124
6122
6122
6121
6121
6120
6120
6120
6119
6119
6119
6118
6118
6116
6116
6115
6115
6112
6112
6111
6110
6109
6105
6104
6103
6103
6102
6100
6095
6095
6095
6093
6093
6093
6093
6091
6090
6090
6088
6088
6087
6087
6085
6085
6083
6081
6081
6080
6078
6077
6076
6075
6074
6073
6073
6069
6069
6068
6064
6063
6063
6063
6063
6063
6062
6061
6061
6061
6060
6059
6059
6059
6058
6057
6057
6056
6056
6055
6054
6053
6053
6052
6052
6051
6050
6048
6047
6047
6047
6046
6043
6043
6043
6043
6042
6042
6041
6041
6041
6041
6039
6039
6038
6038
6037
6036
6036
6036
6034
6033
6032
6031
6030
6028
6028
6026
6024
6024
6024
6023
6023
6022
6022
6021
6021
6021
6021
6020
6019
6019
6019
6018
6017
6015
6014
6013
6013
6013
6012
6011
6011
6011
6009
6009
6009
6007
6006
6005
6003
6002
6002
6002
6000
6000
5999
5998
5998
5997
5996
5996
5996
5995
5995
5994
5993
5993
5992
5992
5985
5984
5984
5984
5983
5983
5982
5982
5981
5980
5979
5979
5978
5975
5974
5972
5971
5969
5968
5968
5967
5966
5966
5965
5962
5961
5960
5959
5958
5955
5954
5951
5951
5950
5950
5949
5949
5949
5948
5948
5945
5945
5943
5942
5941
5939
5939
5935
5934
5934
5933
5933
5932
5931
5930
5929
5929
5928
5928
5928
5925
5923
5922
5922
5922
5919
5918
5917
5916
5916
5914
5914
5914
5912
5911
5910
5910
5905
5905
5904
5904
5904
5903
5903
5900
5897
5897
5895
5894
5893
5892
5891
5891
5886
5884
5883
5881
5880
5878
5878
5878
5877
5876
5875
5875
5875
5872
5871
5868
5868
5866
5864
5862
5859
5857
5857
5855
5855
5853
5853
5852
5852
5849
5847
5847
5846
5846
5846
5845
5844
5841
5840
5839
5838
5838
5837
5837
5833
5832
5832
5831
5828
5827
5825
5824
5824
5824
5824
5822
5822
5821
5821
5820
5819
5818
5816
5814
5814
5814
5813
5811
5808
5807
5807
5804
5804
5804
5804
5804
5802
5800
5800
5800
5800
5799
5799
5797
5797
5797
5797
5796
5793
5792
5791
5791
5791
5791
5791
5789
5786
5784
5783
5779
5779
5778
5777
5776
5775
5774
5774
5774
5773
5772
5771
5770
5769
5769
5769
5768
5766
5765
5764
5763
5763
5760
5760
5756
5756
5754
5752
5752
5748
5748
5743
5742
5742
5742
5741
5741
5739
5739
5739
5737
5737
5737
5737
5735
5735
5732
5732
5731
5730
5729
5728
5727
5726
5726
5725
5724
5723
5723
5722
5720
5719
5719
5717
5717
5716
5715
5715
5714
5714
5714
5713
5712
5711
5710
5710
5708
5708
5701
5700
5696
5692
5692
5691
5690
5689
5689
5688
5687
5686
5686
5683
5680
5679
5679
5673
5673
5672
5672
5671
5669
5667
5667
5666
5666
5666
5664
5664
5664
5663
5662
5661
5661
5660
5657
5656
5656
5655
5655
5652
5650
5649
5647
5647
5646
5646
5645
5645
5642
5642
5639
5639
5639
5638
5636
5635
5634
5634
5633
5632
5632
5631
5629
5627
5627
5626
5626
5624
5623
5623
5622
5621
5620
5620
5618
5617
5616
5615
5615
5614
5612
5611
5611
5610
5610
5609
5607
5607
5605
5605
5604
5602
5602
5602
5602
5600
5600
5599
5598
5595
5595
5595
5594
5590
5590
5588
5585
5585
5583
5578
5578
5578
5577
5577
5577
5574
5573
5572
5572
5571
5569
5566
5566
5565
5565
5564
5563
5562
5559
5557
5557
5554
5554
5554
5553
5553
5552
5552
5550
5550
5549
5548
5543
5543
5543
5539
5539
5536
5535
5534
5532
5530
5528
5527
5525
5525
5523
5520
5519
5518
5517
5516
5514
5514
5513
5512
5510
5508
5508
5507
5506
5505
5505
5503
5503
5501
5499
5499
5498
5497
5496
5493
5493
5492
5491
5491
5490
5490
5489
5488
5485
5484
5484
5483
5482
5482
5481
5480
5479
5479
5477
5476
5476
5476
5476
5476
5475
5474
5474
5470
5469
5467
5464
5463
5463
5463
5462
5461
5461
5460
5459
5458
5458
5457
5457
5457
5456
5456
5454
5453
5452
5451
5447
5447
5447
5447
5447
5443
5442
5442
5441
5439
5439
5438
5436
5436
5436
5435
5434
5433
5432
5431
5430
5428
5428
5427
5427
5427
5426
5426
5425
5424
5424
5421
5421
5421
5419
5418
5415
5415
5414
5410
5410
5409
5408
5406
5406
5405
5404
5403
5402
5402
5402
5400
5399
5398
5397
5396
5396
5394
5394
5394
5394
5393
5393
5391
5389
5387
5386
5386
5385
5384
5383
5383
5382
5382
5380
5380
5380
5379
5377
5375
5373
5372
5372
5370
5368
5367
5367
5367
5365
5363
5363
5361
5360
5358
5358
5355
5352
5351
5351
5351
5351
5351
5350
5350
5348
5347
5346
5346
5346
5343
5342
5342
5341
5340
5339
5338
5338
5338
5337
5336
5335
5335
5334
5334
5334
5333
5332
5332
5331
5328
5328
5327
5327
5327
5324
5322
5320
5318
5318
5317
5317
5317
5315
5315
5315
5311
5310
5310
5309
5308
5307
5307
5307
5307
5304
5302
5302
5301
5300
5300
5297
5297
5295
5294
5292
5291
5290
5290
5290
5290
5290
5288
5288
5288
5287
5287
5286
5286
5286
5285
5284
5284
5283
5283
5282
5281
5281
5279
5278
5278
5277
5274
5274
5273
5273
5268
5267
5267
5264
5262
5261
5257
5257
5256
5256
5256
5255
5255
5250
5250
5249
5248
5248
5247
5246
5245
5245
5245
5243
5242
5242
5241
5239
5237
5236
5236
5234
5234
5234
5234
5233
5232
5231
5230
5228
5228
5228
5227
5224
5224
5223
5223
5222
5222
5222
5221
5221
5219
5219
5218
5218
5218
5217
5217
5216
5216
5216
5215
5214
5213
5213
5213
5212
5211
5211
5210
5208
5206
5206
5203
5201
5201
5199
5199
5198
5197
5194
5193
5192
5191
5189
5188
5188
5186
5185
5184
5182
5182
5180
5176
5174
5172
5171
5171
5170
5170
5169
5166
5166
5165
5164
5164
5163
5163
5163
5162
5160
5160
5159
5159
5158
5157
5157
5156
5156
5154
5154
5153
5153
5152
5152
5151
5151
5151
5150
5150
5149
5148
5148
5146
5145
5143
5143
5142
5142
5142
5141
5138
5138
5138
5138
5137
5137
5136
5134
5133
5131
5131
5131
5131
5131
5130
5127
5127
5124
5124
5124
5124
5121
5121
5119
5114
5114
5112
5111
5109
5109
5108
5108
5107
5105
5105
5105
5104
5103
5102
5102
5101
5100
5095
5095
5095
5093
5092
5091
5090
5090
5089
5089
5089
5088
5088
5087
5085
5085
5083
5081
5080
5078
5078
5077
5077
5074
5073
5072
5072
5072
5071
5071
5069
5068
5068
5067
5065
5062
5061
5060
5059
5059
5057
5057
5057
5055
5054
5053
5053
5053
5052
5051
5051
5050
5050
5050
5049
5047
5045
5038
5037
5036
5035
5035
5033
5032
5032
5030
5029
5028
5026
5025
5024
5023
5022
5020
5020
5020
5019
5019
5018
5017
5016
5016
5016
5015
5013
5013
5012
5012
5012
5010
5010
5009
5007
5004
5003
5003
5002
5002
5002
5002
5002
5000
4997
4996
4995
4994
4990
4990
4990
4989
4983
4982
4982
4980
4980
4979
4979
4979
4978
4978
4976
4975
4974
4974
4974
4974
4974
4973
4970
4967
4964
4963
4961
4961
4960
4960
4959
4959
4959
4957
4954
4954
4953
4953
4952
4951
4950
4950
4949
4948
4948
4948
4945
4943
4942
4942
4940
4939
4939
4937
4937
4936
4936
4935
4934
4931
4930
4930
4929
4925
4924
4924
4922
4921
4921
4919
4919
4917
4917
4915
4913
4911
4910
4910
4909
4908
4907
4907
4906
4904
4904
4903
4903
4901
4900
4900
4900
4899
4899
4898
4896
4895
4894
4893
4892
4890
4889
4889
4889
4888
4887
4887
4886
4885
4885
4885
4884
4884
4883
4882
4882
4882
4878
4877
4877
4873
4872
4871
4870
4869
4868
4868
4867
4862
4861
4861
4860
4859
4856
4856
4854
4853
4852
4851
4851
4849
4849
4848
4848
4848
4848
4847
4845
4844
4843
4843
4842
4842
4841
4841
4841
4841
4840
4839
4839
4838
4837
4837
4837
4835
4835
4835
4833
4833
4832
4832
4831
4831
4830
4829
4829
4826
4826
4823
4822
4821
4821
4819
4818
4816
4815
4815
4814
4814
4812
4811
4811
4810
4810
4807
4806
4806
4805
4804
4803
4803
4802
4801
4798
4796
4795
4795
4793
4792
4791
4791
4790
4790
4789
4789
4787
4784
4782
4781
4780
4780
4778
4777
4777
4776
4776
4776
4774
4772
4770
4770
4767
4766
4765
4763
4763
4762
4761
4757
4757
4755
4754
4752
4751
4750
4749
4748
4747
4747
4744
4741
4737
4736
4736
4735
4733
4733
4731
4729
4729
4729
4727
4724
4724
4724
4723
4722
4721
4721
4719
4718
4717
4715
4713
4710
4709
4707
4707
4707
4707
4705
4703
4702
4702
4701
4701
4700
4699
4698
4697
4697
4694
4693
4691
4691
4691
4690
4689
4689
4688
4688
4687
4684
4680
4678
4678
4677
4676
4675
4674
4672
4669
4669
4669
4666
4664
4664
4663
4661
4660
4658
4658
4655
4653
4653
4652
4652
4652
4652
4650
4648
4646
4646
4645
4645
4645
4644
4641
4640
4636
4635
4634
4634
4631
4630
4629
4628
4628
4625
4623
4622
4621
4621
4619
4617
4616
4616
4616
4616
4614
4614
4613
4612
4612
4611
4610
4610
4610
4609
4609
4606
4605
4605
4605
4605
4604
4601
4601
4601
4597
4597
4597
4597
4594
4593
4593
4591
4590
4588
4587
4587
4585
4585
4584
4583
4581
4579
4579
4577
4576
4571
4571
4569
4569
4568
4567
4567
4567
4564
4564
4563
4563
4561
4561
4560
4558
4558
4558
4557
4556
4553
4551
4550
4550
4550
4549
4549
4549
4548
4548
4547
4546
4546
4546
4544
4543
4542
4541
4539
4538
4538
4537
4536
4535
4534
4534
4534
4532
4531
4529
4528
4527
4526
4524
4524
4521
4521
4521
4516
4516
4516
4516
4516
4511
4509
4509
4509
4509
4508
4508
4507
4507
4506
4504
4503
4503
4502
4501
4498
4497
4497
4497
4496
4492
4491
4490
4488
4488
4488
4487
4487
4486
4486
4484
4483
4482
4482
4481
4481
4481
4480
4478
4477
4473
4472
4472
4468
4466
4464
4464
4464
4463
4463
4461
4461
4460
4460
4459
4457
4457
4456
4455
4454
4454
4454
4453
4452
4451
4450
4450
4450
4449
4447
4447
4446
4443
4443
4443
4443
4442
4442
4442
4442
4439
4438
4438
4438
4438
4436
4435
4434
4434
4434
4433
4431
4431
4429
4428
4427
4426
4424
4422
4421
4420
4418
4418
4418
4417
4416
4414
4413
4411
4409
4408
4407
4406
4405
4404
4403
4401
4399
4396
4395
4393
4393
4393
4392
4391
4389
4389
4389
4388
4388
4384
4384
4383
4382
4381
4379
4378
4378
4378
4378
4377
4376
4376
4375
4374
4372
4372
4372
4371
4371
4370
4368
4368
4368
4366
4363
4363
4362
4362
4361
4361
4360
4359
4359
4359
4359
4358
4357
4357
4356
4356
4353
4351
4350
4350
4348
4348
4348
4347
4347
4346
4342
4340
4337
4336
4336
4334
4333
4332
4332
4331
4330
4329
4329
4324
4319
4319
4318
4317
4317
4311
4311
4309
4307
4307
4306
4305
4303
4302
4300
4299
4298
4297
4297
4295
4295
4293
4293
4292
4290
4290
4288
4288
4287
4287
4287
4284
4283
4282
4282
4281
4281
4280
4277
4275
4274
4273
4272
4271
4268
4268
4267
4266
4266
4262
4261
4261
4259
4258
4258
4257
4257
4257
4255
4254
4254
4253
4253
4253
4252
4250
4250
4250
4249
4246
4245
4244
4243
4242
4242
4241
4241
4241
4241
4239
4237
4237
4236
4235
4235
4234
4234
4234
4234
4232
4230
4230
4229
4229
4227
4227
4227
4226
4226
4225
4225
4225
4224
4221
4221
4220
4219
4218
4218
4218
4214
4208
4208
4208
4207
4207
4205
4205
4203
4202
4202
4202
4201
4201
4201
4200
4200
4200
4200
4199
4199
4199
4198
4198
4198
4198
4198
4196
4196
4195
4194
4193
4191
4191
4189
4188
4186
4185
4185
4183
4183
4182
4179
4179
4178
4177
4177
4175
4175
4174
4174
4172
4172
4170
4166
4166
4163
4162
4161
4160
4159
4159
4158
4156
4156
4155
4154
4153
4153
4152
4151
4151
4150
4149
4147
4147
4145
4143
4140
4139
4139
4139
4138
4138
4138
4136
4136
4136
4135
4134
4133
4132
4132
4131
4130
4130
4130
4129
4126
4125
4123
4117
4117
4117
4113
4113
4112
4111
4110
4108
4106
4105
4104
4104
4104
4102
4101
4101
4097
4096
4094
4092
4091
4090
4089
4089
4089
4088
4086
4085
4083
4083
4082
4082
4081
4079
4077
4076
4075
4074
4074
4073
4072
4072
4072
4071
4069
4068
4066
4065
4063
4060
4060
4060
4059
4059
4058
4056
4056
4054
4054
4052
4051
4050
4049
4047
4047
4047
4046
4046
4045
4043
4043
4039
4038
4037
4035
4034
4033
4032
4032
4029
4029
4028
4028
4026
4025
4025
4024
4023
4023
4022
4022
4022
4022
4018
4016
4015
4015
4014
4014
4014
4012
4012
4010
4010
4010
4009
4004
4000
4000
4000
3999
3999
3997
3997
3996
3995
3995
3994
3993
3992
3992
3988
3987
3986
3986
3985
3985
3984
3983
3982
3981
3980
3978
3978
3978
3978
3973
3971
3971
3970
3968
3968
3968
3967
3966
3964
3964
3962
3961
3961
3960
3959
3958
3957
3957
3957
3957
3957
3955
3955
3954
3951
3948
3948
3948
3946
3945
3942
3941
3941
3941
3939
3939
3939
3938
3938
3936
3935
3934
3933
3933
3932
3932
3931
3928
3928
3927
3925
3923
3923
3923
3919
3919
3917
3916
3914
3914
3914
3912
3911
3909
3909
3907
3905
3905
3904
3904
3904
3903
3902
3901
3901
3900
3899
3897
3896
3895
3894
3894
3892
3891
3890
3889
3888
3887
3887
3885
3885
3885
3885
3884
3883
3883
3880
3879
3879
3877
3876
3876
3876
3873
3871
3868
3868
3865
3864
3863
3863
3862
3862
3860
3860
3859
3858
3858
3857
3857
3857
3856
3853
3853
3853
3852
3852
3851
3850
3850
3849
3849
3849
3849
3847
3846
3845
3845
3845
3844
3842
3842
3841
3839
3838
3838
3838
3838
3837
3836
3835
3833
3833
3832
3831
3831
3829
3828
3826
3825
3823
3823
3822
3821
3821
3820
3819
3818
3818
3816
3815
3814
3814
3813
3812
3810
3810
3809
3808
3807
3806
3806
3805
3805
3805
3805
3801
3800
3799
3797
3795
3795
3792
3792
3792
3792
3790
3789
3789
3788
3785
3784
3781
3781
3779
3779
3778
3778
3777
3775
3775
3774
3773
3773
3770
3768
3768
3767
3766
3764
3764
3764
3763
3760
3758
3758
3757
3756
3752
3751
3749
3749
3743
3743
3743
3742
3741
3741
3739
3735
3734
3733
3731
3731
3726
3726
3726
3725
3723
3723
3721
3719
3719
3718
3717
3716
3716
3715
3715
3712
3710
3710
3709
3708
3708
3708
3708
3705
3704
3703
3702
3700
3700
3699
3699
3699
3696
3696
3694
3693
3691
3691
3691
3687
3687
3687
3687
3686
3686
3685
3685
3684
3684
3682
3680
3679
3678
3678
3677
3675
3675
3674
3674
3672
3672
3670
3670
3670
3670
3669
3668
3668
3668
3667
3667
3666
3666
3662
3662
3661
3659
3657
3656
3656
3651
3651
3650
3649
3649
3649
3648
3647
3646
3646
3645
3645
3645
3644
3644
3644
3644
3643
3642
3642
3640
3638
3638
3638
3636
3636
3635
3635
3634
3633
3632
3632
3630
3630
3628
3628
3627
3627
3619
3617
3617
3617
3616
3615
3614
3613
3611
3609
3609
3608
3606
3606
3604
3603
3601
3600
3599
3598
3597
3588
3587
3587
3587
3586
3586
3585
3584
3584
3583
3583
3582
3581
3580
3579
3579
3579
3578
3578
3577
3576
3575
3575
3574
3573
3573
3572
3572
3572
3570
3570
3568
3567
3567
3567
3565
3565
3564
3564
3564
3564
3563
3563
3563
3562
3561
3561
3559
3559
3558
3558
3557
3557
3556
3555
3555
3555
3553
3552
3552
3551
3549
3548
3547
3545
3544
3543
3543
3542
3537
3535
3535
3532
3532
3527
3526
3525
3525
3524
3523
3523
3522
3521
3521
3520
3519
3518
3518
3517
3517
3515
3514
3513
3513
3513
3512
3509
3505
3504
3504
3503
3503
3501
3501
3500
3499
3498
3497
3496
3496
3496
3495
3492
3492
3490
3489
3488
3486
3486
3486
3486
3486
3485
3484
3484
3483
3483
3482
3480
3477
3477
3476
3476
3474
3473
3472
3471
3471
3471
3471
3470
3467
3466
3465
3463
3462
3460
3457
3455
3455
3454
3452
3451
3450
3449
3448
3448
3448
3447
3446
3446
3445
3445
3444
3444
3442
3442
3442
3442
3442
3441
3440
3438
3438
3436
3435
3433
3431
3431
3429
3429
3428
3428
3426
3425
3425
3425
3425
3424
3424
3422
3419
3419
3418
3418
3417
3417
3416
3415
3412
3411
3409
3408
3407
3407
3406
3406
3405
3405
3403
3403
3403
3401
3401
3400
3400
3399
3399
3398
3397
3397
3390
3389
3389
3389
3388
3387
3387
3386
3385
3384
3384
3382
3381
3379
3379
3379
3378
3375
3374
3374
3373
3372
3370
3368
3367
3365
3365
3365
3365
3364
3364
3362
3360
3357
3357
3357
3353
3352
3352
3348
3345
3344
3343
3342
3339
3338
3338
3337
3336
3335
3332
3332
3332
3331
3330
3329
3328
3326
3325
3325
3325
3324
3324
3324
3324
3324
3323
3323
3323
3321
3321
3320
3319
3318
3316
3316
3315
3315
3313
3313
3313
3312
3312
3307
3304
3303
3302
3302
3302
3300
3300
3299
3297
3296
3296
3295
3295
3294
3293
3293
3292
3291
3291
3290
3286
3285
3285
3284
3284
3283
3283
3283
3282
3282
3282
3280
3280
3280
3278
3278
3276
3275
3274
3272
3272
3272
3272
3270
3270
3270
3269
3269
3268
3267
3267
3265
3262
3262
3261
3261
3260
3258
3258
3256
3255
3254
3254
3253
3252
3251
3249
3249
3248
3246
3246
3245
3244
3244
3243
3243
3241
3241
3240
3240
3240
3240
3240
3239
3239
3238
3238
3238
3237
3235
3234
3234
3234
3234
3234
3233
3231
3231
3231
3231
3230
3230
3230
3229
3228
3228
3227
3226
3222
3222
3219
3219
3218
3216
3216
3215
3215
3213
3209
3206
3205
3204
3203
3203
3199
3197
3196
3195
3193
3193
3193
3192
3189
3189
3188
3188
3187
3186
3184
3183
3183
3183
3183
3182
3179
3178
3178
3178
3177
3176
3175
3174
3174
3169
3167
3166
3166
3166
3163
3163
3163
3162
3161
3158
3157
3156
3155
3155
3154
3154
3152
3152
3151
3150
3149
3148
3147
3146
3146
3145
3145
3143
3143
3141
3138
3138
3138
3136
3136
3132
3132
3128
3128
3127
3126
3124
3122
3121
3120
3118
3116
3115
3114
3114
3111
3108
3108
3108
3105
3105
3103
3103
3102
3102
3100
3099
3099
3098
3097
3097
3096
3096
3096
3095
3093
3092
3090
3090
3086
3086
3085
3085
3085
3084
3084
3084
3083
3082
3082
3081
3080
3080
3079
3079
3078
3078
3077
3077
3077
3075
3071
3070
3070
3066
3066
3065
3061
3058
3056
3054
3052
3052
3052
3051
3050
3045
3045
3044
3043
3043
3042
3042
3042
3040
3040
3040
3039
3039
3038
3037
3035
3034
3033
3032
3030
3030
3030
3026
3023
3022
3022
3022
3021
3019
3017
3017
3017
3017
3016
3016
3016
3015
3015
3014
3013
3013
3013
3011
3010
3006
3005
3005
3005
3004
3004
3003
3003
3001
3001
3000
2996
2995
2995
2994
2993
2993
2993
2992
2992
2992
2991
2991
2991
2989
2986
2986
2986
2986
2985
2982
2981
2981
2981
2980
2978
2975
2974
2974
2973
2972
2970
2970
2969
2969
2968
2966
2965
2964
2962
2961
2961
2958
2957
2955
2955
2954
2952
2951
2951
2949
2948
2945
2945
2944
2944
2942
2940
2939
2939
2935
2935
2933
2933
2933
2932
2930
2928
2927
2927
2925
2925
2924
2923
2922
2921
2921
2918
2917
2916
2916
2914
2912
2911
2911
2911
2909
2907
2906
2905
2904
2903
2903
2902
2900
2899
2894
2891
2890
2889
2889
2888
2888
2886
2885
2885
2882
2881
2880
2880
2878
2878
2878
2877
2875
2873
2873
2872
2869
2869
2869
2868
2866
2866
2866
2865
2865
2865
2864
2864
2864
2862
2862
2861
2861
2860
2860
2857
2857
2857
2857
2856
2856
2855
2854
2853
2852
2850
2849
2849
2847
2847
2843
2843
2842
2841
2839
2838
2838
2838
2838
2838
2834
2833
2832
2830
2830
2828
2827
2827
2827
2826
2826
2824
2824
2822
2821
2820
2820
2819
2819
2817
2817
2817
2816
2814
2810
2809
2808
2807
2806
2806
2805
2803
2801
2800
2800
2797
2797
2796
2796
2793
2793
2792
2792
2791
2790
2790
2790
2789
2788
2784
2783
2780
2778
2777
2775
2774
2774
2774
2773
2773
2770
2769
2767
2766
2765
2765
2763
2762
2760
2759
2759
2759
2755
2754
2754
2750
2750
2746
2746
2745
2745
2745
2742
2742
2741
2738
2735
2733
2730
2730
2729
2728
2727
2727
2727
2727
2726
2726
2723
2722
2721
2719
2718
2718
2717
2717
2715
2714
2714
2712
2712
2710
2710
2701
2701
2699
2697
2697
2695
2694
2692
2690
2690
2688
2688
2688
2687
2686
2686
2685
2685
2682
2681
2679
2679
2678
2677
2677
2676
2676
2675
2674
2672
2671
2671
2670
2668
2667
2665
2664
2664
2664
2664
2663
2660
2659
2658
2653
2653
2652
2652
2651
2651
2650
2649
2648
2647
2646
2645
2644
2644
2643
2643
2642
2639
2638
2638
2636
2636
2636
2632
2631
2631
2629
2627
2626
2625
2625
2624
2623
2623
2621
2621
2620
2619
2619
2618
2617
2617
2616
2616
2615
2611
2609
2609
2606
2606
2606
2602
2602
2602
2600
2599
2598
2596
2596
2594
2593
2592
2590
2590
2589
2587
2587
2586
2585
2585
2583
2581
2580
2579
2577
2577
2576
2572
2571
2570
2568
2568
2568
2568
2563
2561
2561
2560
2559
2559
2557
2556
2555
2555
2553
2552
2552
2551
2550
2549
2548
2548
2548
2546
2545
2544
2544
2543
2543
2542
2541
2541
2539
2538
2537
2536
2536
2534
2534
2533
2533
2533
2527
2527
2526
2524
2522
2522
2520
2520
2520
2518
2518
2518
2518
2517
2517
2516
2512
2511
2511
2510
2509
2508
2507
2507
2506
2505
2505
2503
2502
2502
2501
2497
2497
2497
2496
2489
2488
2486
2486
2486
2485
2484
2484
2483
2483
2481
2481
2481
2480
2480
2479
2478
2478
2476
2474
2472
2468
2466
2466
2465
2465
2464
2464
2464
2463
2463
2462
2461
2461
2461
2458
2458
2456
2453
2453
2452
2451
2447
2447
2446
2446
2445
2442
2442
2439
2438
2438
2436
2433
2433
2433
2432
2430
2428
2427
2426
2426
2425
2423
2423
2422
2421
2420
2419
2419
2418
2416
2415
2414
2413
2413
2412
2412
2412
2409
2408
2408
2407
2404
2403
2402
2401
2401
2400
2399
2398
2394
2393
2393
2393
2391
2389
2389
2387
2387
2381
2380
2376
2373
2372
2372
2372
2368
2367
2367
2366
2366
2366
2365
2364
2363
2362
2360
2360
2358
2358
2355
2354
2353
2352
2352
2352
2352
2352
2352
2349
2349
2346
2346
2345
2344
2342
2341
2340
2338
2337
2337
2336
2335
2334
2334
2334
2333
2332
2332
2329
2329
2328
2326
2326
2324
2324
2323
2323
2322
2322
2320
2319
2317
2317
2314
2312
2311
2309
2307
2306
2306
2305
2305
2305
2303
2302
2302
2301
2299
2297
2297
2296
2296
2295
2295
2294
2294
2294
2292
2289
2288
2288
2287
2287
2287
2286
2285
2284
2284
2284
2282
2282
2282
2281
2280
2280
2280
2277
2276
2276
2276
2276
2274
2273
2273
2272
2271
2270
2270
2269
2269
2268
2268
2266
2264
2263
2262
2259
2259
2254
2254
2249
2249
2246
2245
2243
2243
2241
2240
2239
2239
2236
2235
2235
2233
2233
2233
2229
2228
2228
2227
2227
2224
2221
2221
2221
2220
2220
2220
2220
2218
2217
2216
2214
2213
2213
2213
2212
2211
2208
2208
2207
2206
2205
2203
2202
2201
2200
2198
2197
2197
2196
2196
2196
2196
2195
2193
2193
2193
2193
2192
2190
2189
2184
2182
2181
2181
2179
2178
2176
2176
2174
2171
2171
2168
2168
2168
2166
2166
2165
2164
2163
2163
2163
2163
2163
2162
2161
2160
2158
2157
2157
2157
2156
2155
2154
2153
2152
2152
2151
2150
2150
2149
2148
2148
2148
2148
2147
2147
2147
2145
2142
2141
2141
2140
2136
2135
2135
2134
2134
2133
2133
2131
2131
2130
2130
2129
2128
2127
2125
2124
2124
2119
2114
2114
2113
2112
2112
2111
2110
2108
2108
2107
2106
2105
2105
2104
2103
2099
2099
2099
2099
2099
2098
2098
2098
2096
2096
2094
2094
2093
2092
2090
2090
2090
2086
2085
2085
2085
2084
2084
2082
2081
2081
2077
2074
2072
2072
2070
2069
2069
2067
2066
2064
2063
2062
2062
2061
2061
2061
2060
2060
2059
2058
2057
2056
2055
2055
2054
2053
2053
2052
2051
2050
2049
2049
2048
2047
2047
2046
2046
2045
2045
2045
2045
2042
2040
2040
2039
2039
2038
2037
2037
2035
2031
2031
2030
2029
2028
2027
2027
2026
2025
2024
2024
2023
2023
2022
2022
2022
2021
2018
2016
2013
2013
2010
2010
2009
2009
2009
2008
2007
2006
2005
2004
2004
2002
2002
2002
2001
2000
1998
1998
1998
1996
1996
1995
1992
1992
1991
1990
1989
1989
1988
1987
1985
1985
1984
1981
1981
1978
1977
1976
1975
1972
1971
1971
1970
1969
1967
1966
1966
1966
1965
1964
1963
1961
1957
1951
1951
1950
1949
1947
1946
1944
1943
1943
1943
1941
1939
1937
1934
1932
1932
1931
1931
1931
1930
1930
1930
1927
1927
1926
1924
1920
1920
1920
1918
1916
1916
1913
1913
1912
1912
1910
1910
1909
1909
1909
1907
1906
1904
1902
1902
1901
1901
1900
1900
1898
1896
1895
1894
1894
1893
1892
1891
1891
1891
1890
1890
1888
1887
1886
1886
1885
1885
1884
1883
1882
1881
1880
1878
1876
1876
1875
1875
1874
1872
1871
1867
1866
1866
1864
1863
1858
1858
1856
1854
1854
1851
1850
1850
1849
1849
1848
1848
1848
1847
1847
1847
1846
1845
1844
1843
1841
1840
1839
1839
1837
1836
1836
1836
1836
1833
1833
1832
1829
1826
1825
1824
1823
1823
1822
1817
1817
1817
1817
1817
1816
1816
1815
1814
1813
1809
1809
1808
1805
1804
1804
1802
1801
1800
1800
1798
1796
1795
1795
1794
1793
1791
1791
1789
1789
1789
1786
1786
1786
1783
1782
1782
1782
1781
1781
1780
1780
1775
1774
1772
1771
1769
1769
1766
1766
1765
1765
1763
1762
1761
1760
1758
1757
1757
1757
1757
1756
1755
1754
1753
1752
1752
1752
1752
1750
1750
1750
1749
1748
1747
1746
1745
1745
1743
1742
1741
1741
1740
1740
1738
1738
1736
1736
1736
1735
1734
1733
1730
1730
1729
1728
1727
1727
1726
1726
1726
1725
1723
1722
1721
1721
1720
1720
1718
1717
1717
1716
1716
1715
1715
1713
1713
1713
1712
1711
1710
1706
1706
1705
1703
1700
1700
1698
1697
1696
1695
1694
1693
1692
1692
1692
1689
1689
1688
1685
1685
1685
1684
1683
1682
1682
1682
1681
1681
1680
1678
1677
1677
1676
1676
1673
1673
1672
1670
1668
1666
1666
1666
1665
1665
1664
1662
1662
1661
1659
1659
1657
1655
1655
1655
1655
1654
1654
1653
1653
1653
1651
1650
1650
1648
1646
1645
1645
1643
1643
1642
1642
1641
1638
1636
1634
1634
1633
1631
1631
1631
1630
1630
1629
1629
1628
1626
1623
1623
1621
1621
1620
1620
1619
1618
1617
1616
1616
1615
1615
1615
1614
1614
1613
1613
1613
1612
1611
1610
1607
1605
1604
1603
1603
1602
1602
1602
1600
1598
1597
1595
1594
1591
1590
1589
1585
1585
1582
1582
1579
1578
1576
1576
1575
1575
1575
1574
1574
1572
1571
1571
1570
1570
1570
1568
1567
1565
1562
1561
1560
1559
1559
1558
1557
1557
1556
1555
1551
1550
1549
1547
1546
1546
1545
1544
1543
1543
1543
1540
1540
1535
1535
1535
1535
1535
1534
1534
1532
1532
1531
1528
1528
1528
1527
1527
1526
1526
1521
1521
1521
1520
1520
1520
1519
1519
1519
1518
1518
1518
1516
1515
1515
1515
1515
1515
1513
1513
1512
1508
1508
1505
1504
1504
1502
1502
1502
1502
1501
1500
1500
1499
1498
1496
1495
1494
1493
1493
1492
1491
1490
1487
1487
1485
1485
1484
1484
1484
1483
1482
1482
1481
1480
1480
1479
1477
1477
1476
1476
1476
1476
1475
1474
1472
1472
1471
1467
1467
1466
1464
1463
1463
1460
1460
1459
1458
1457
1456
1455
1455
1453
1453
1452
1451
1448
1447
1446
1445
1445
1444
1442
1440
1440
1439
1439
1438
1438
1437
1437
1435
1435
1435
1434
1432
1432
1431
1429
1429
1429
1429
1428
1428
1428
1427
1427
1426
1426
1424
1423
1422
1420
1419
1418
1418
1417
1416
1415
1415
1412
1411
1406
1406
1404
1404
1402
1401
1401
1400
1400
1398
1397
1394
1392
1392
1392
1391
1390
1389
1389
1388
1387
1385
1385
1385
1385
1385
1381
1381
1380
1376
1376
1376
1376
1376
1375
1374
1372
1371
1368
1368
1366
1365
1364
1364
1363
1361
1361
1360
1360
1357
1357
1356
1356
1356
1354
1354
1353
1352
1352
1351
1346
1344
1343
1342
1340
1339
1334
1333
1333
1333
1333
1331
1331
1329
1328
1326
1324
1323
1323
1323
1322
1321
1320
1320
1320
1319
1318
1317
1316
1315
1315
1313
1312
1312
1312
1311
1310
1310
1309
1307
1306
1305
1304
1303
1300
1298
1297
1297
1296
1294
1293
1293
1293
1293
1292
1291
1290
1289
1288
1287
1286
1285
1285
1284
1284
1283
1282
1280
1279
1279
1276
1276
1273
1273
1272
1271
1271
1270
1270
1265
1264
1264
1263
1262
1259
1258
1256
1256
1256
1255
1253
1253
1250
1250
1248
1247
1246
1244
1244
1243
1241
1240
1239
1239
1238
1238
1236
1235
1233
1231
1231
1230
1230
1226
1226
1225
1224
1223
1222
1217
1217
1215
1214
1214
1214
1211
1211
1210
1210
1209
1208
1206
1205
1203
1203
1202
1202
1202
1202
1201
1201
1201
1200
1199
1198
1198
1198
1196
1196
1194
1193
1192
1191
1184
1183
1182
1180
1180
1179
1179
1178
1174
1173
1172
1169
1166
1164
1163
1162
1162
1161
1161
1161
1160
1157
1156
1156
1149
1149
1149
1149
1149
1146
1145
1143
1142
1141
1140
1137
1137
1137
1136
1135
1131
1131
1131
1130
1130
1128
1128
1127
1126
1125
1123
1121
1118
1117
1117
1117
1117
1116
1116
1113
1112
1107
1106
1106
1105
1104
1103
1101
1100
1097
1096
1096
1096
1096
1093
1093
1092
1091
1091
1091
1090
1090
1089
1089
1087
1086
1083
1082
1082
1081
1081
1081
1079
1077
1077
1075
1075
1074
1072
1072
1071
1071
1071
1071
1069
1067
1066
1064
1063
1063
1063
1061
1060
1059
1057
1057
1057
1055
1051
1050
1050
1050
1045
1044
1043
1040
1039
1038
1037
1036
1035
1034
1032
1032
1032
1030
1030
1029
1028
1027
1026
1022
1022
1021
1021
1019
1018
1018
1017
1016
1016
1015
1014
1011
1011
1009
1007
1006
1005
1004
1003
1002
1001
1000
995
993
992
992
991
991
991
990
989
987
986
984
980
976
974
972
970
969
968
967
966
965
964
961
961
961
961
960
957
956
956
954
953
953
953
952
951
951
950
949
949
948
948
947
946
945
945
940
938
937
937
936
934
930
930
929
929
928
927
927
925
924
920
920
919
919
918
918
916
916
914
914
913
910
910
910
909
908
907
906
904
903
902
899
899
898
898
898
898
897
896
895
894
894
893
892
891
890
889
889
888
888
888
888
888
887
880
880
878
877
876
875
874
873
873
872
868
867
867
867
866
866
866
866
864
863
862
862
862
861
861
860
860
859
858
858
856
856
856
855
854
854
853
853
852
851
850
849
848
847
847
846
845
843
842
838
838
837
837
837
836
835
834
833
831
831
829
828
828
828
827
826
826
825
824
824
822
820
819
817
816
814
814
811
810
809
809
809
807
805
804
802
799
799
796
796
795
793
793
793
792
792
792
792
791
790
787
787
786
784
783
783
782
781
781
778
777
776
775
773
772
771
769
768
766
765
765
765
763
761
760
760
759
758
756
755
755
753
749
749
749
748
748
747
746
746
746
746
745
745
745
744
743
741
741
741
740
740
739
738
737
737
736
736
736
734
733
733
731
731
731
731
731
731
730
729
729
725
723
722
720
717
716
716
715
715
715
714
713
712
712
711
710
709
709
708
708
708
708
707
707
707
707
707
706
705
705
705
703
702
702
701
701
700
698
698
697
696
696
693
693
693
690
689
687
685
682
675
674
673
673
672
671
670
670
669
667
667
666
666
665
659
657
657
655
654
654
653
652
652
652
651
651
649
649
647
646
646
643
643
642
642
640
640
639
639
636
635
634
633
633
632
628
628
626
624
624
622
620
619
619
616
615
613
610
610
610
608
607
607
606
606
604
604
604
603
603
603
599
598
597
596
595
594
592
592
590
589
589
588
588
586
586
585
585
584
582
581
581
580
579
579
578
576
576
576
574
572
572
570
569
566
565
563
561
560
558
556
555
554
552
552
550
549
549
548
548
547
546
544
542
538
538
538
537
537
536
535
530
529
525
523
522
522
522
520
520
519
518
518
517
517
517
516
515
515
514
513
513
512
511
510
510
509
507
506
505
505
505
505
504
504
503
503
502
502
502
502
501
501
501
501
500
498
496
496
496
496
495
495
493
491
491
488
487
487
487
485
484
482
481
479
479
479
478
477
475
474
474
473
473
471
467
467
466
466
466
466
464
464
463
463
462
462
461
458
457
455
453
452
452
452
452
451
451
450
450
449
447
447
447
446
446
446
445
441
440
437
437
435
434
432
432
430
426
426
425
425
424
424
420
420
418
418
417
415
415
414
414
413
411
409
408
406
406
404
403
402
400
400
400
400
399
399
398
397
397
396
395
393
392
390
389
388
388
387
387
387
383
381
381
379
378
376
376
374
374
373
372
371
370
370
370
369
369
368
367
367
366
365
364
362
362
361
361
360
357
357
357
356
356
356
355
352
351
349
348
345
344
343
342
341
341
339
338
338
337
337
334
333
333
331
331
331
330
330
329
329
328
326
326
325
325
325
325
323
322
322
321
321
320
319
315
315
312
310
309
308
308
307
306
304
304
301
301
301
300
296
295
292
291
291
291
290
290
290
290
288
287
286
283
281
278
278
278
275
274
274
274
273
273
273
268
268
268
267
265
265
263
262
262
260
260
258
258
258
258
256
253
251
251
251
248
247
246
244
244
243
242
240
240
238
237
237
236
236
235
235
234
232
232
231
231
231
231
229
228
225
224
222
220
218
217
215
214
213
209
209
207
207
205
204
204
204
203
203
203
201
201
201
199
198
198
198
197
196
196
196
196
194
194
193
192
192
192
191
191
190
190
187
187
187
186
185
184
184
183
183
182
182
181
181
180
180
179
178
177
177
177
174
173
171
169
168
168
167
165
162
161
161
160
158
157
156
155
155
152
151
150
149
148
147
145
144
142
141
140
139
138
136
136
136
135
134
133
132
131
130
129
128
127
126
126
125
125
124
124
124
124
124
123
122
122
121
120
120
119
119
118
115
114
114
113
111
109
107
107
105
105
101
101
100
98
98
98
97
96
96
94
92
86
85
85
84
83
83
82
81
78
78
78
76
73
73
72
71
69
66
65
65
64
62
57
57
56
56
56
55
54
54
54
53
52
51
50
50
50
48
48
47
46
46
45
45
45
43
42
42
40
38
37
37
36
35
34
34
33
32
31
31
29
28
28
21
19
19
18
18
16
14
13
12
12
11
8
7
7
5
4
2
1
0
