9997
9990
9958
9943
9930
9914
9911
9894
9885
9866
9864
9846
9828
9799
9795
9786
9774
9754
9750
9746
9744
9743
9735
9733
9709
9706
9701
9693
9688
9683
9662
9658
9652
9608
9601
9597
9582
9570
9564
9560
9559
9554
9504
9501
9480
9461
9454
9442
9425
9422
9419
9418
9407
9406
9400
9393
9389
9384
9381
9371
9366
9362
9361
9321
9308
9305
9304
9301
9301
9299
9276
9259
9256
9256
9251
9249
9247
9231
9224
9224
9222
9187
9184
9181
9174
9165
9164
9140
9138
9132
9113
9113
9110
9092
9079
9079
9031
9029
8964
8953
8952
8944
8939
8913
8891
8882
8875
8863
8845
8839
8826
8824
8815
8797
8772
8770
8760
8754
8748
8742
8737
8707
8684
8681
8672
8663
8656
8626
8621
8616
8593
8587
8585
8558
8555
8549
8545
8501
8496
8494
8466
8462
8438
8438
8431
8427
8419
8408
8406
8398
8393
8378
8361
8359
8358
8350
8318
8313
8306
8300
8298
8293
8287
8273
8267
8249
8235
8227
8222
8212
8211
8179
8164
8155
8150
8149
8132
8131
8122
8111
8104
8094
8092
8085
8056
8040
8028
8028
8025
8025
8013
8007
7990
7976
7975
7970
7966
7966
7966
7956
7951
7948
7946
7946
7931
7929
7925
7921
7917
7915
7912
7906
7903
7899
7897
7858
7833
7826
7823
7819
7812
7803
7793
7790
7780
7767
7715
7713
7705
7700
7700
7699
7688
7672
7669
7664
7663
7637
7634
7623
7608
7606
7600
7594
7592
7577
7551
7529
7527
7523
7509
7487
7471
7460
7457
7453
7443
7442
7433
7416
7392
7392
7385
7379
7358
7357
7355
7349
7347
7346
7336
7325
7324
7289
7272
7271
7269
7246
7244
7237
7213
7213
7192
7191
7189
7180
7180
7167
7156
7147
7145
7136
7136
7067
7065
7037
7034
7033
7032
7031
7023
7015
7007
7006
6983
6973
6907
6905
6898
6880
6877
6877
6872
6869
6865
6853
6840
6829
6819
6808
6806
6805
6792
6771
6767
6762
6743
6742
6742
6739
6725
6715
6708
6708
6683
6682
6673
6659
6658
6629
6628
6572
6572
6569
6562
6560
6558
6554
6550
6548
6547
6540
6535
6534
6534
6507
6504
6502
6482
6477
6475
6475
6458
6448
6404
6403
6398
6353
6351
6349
6349
6321
6321
6307
6282
6272
6263
6255
6250
6248
6234
6230
6228
6226
6216
6214
6207
6193
6182
6164
6160
6158
6155
6155
6143
6130
6117
6114
6113
6108
6103
6098
6093
6086
6080
6074
6062
6053
6041
6037
6032
6022
6019
6009
6007
6001
5998
5982
5973
5972
5961
5958
5935
5927
5920
5918
5913
5908
5903
5902
5886
5885
5883
5872
5869
5869
5861
5859
5843
5841
5840
5816
5803
5792
5784
5778
5775
5763
5750
5741
5735
5720
5719
5713
5684
5682
5682
5658
5656
5633
5632
5617
5584
5575
5575
5572
5556
5552
5543
5524
5508
5479
5464
5447
5437
5413
5401
5379
5366
5362
5354
5343
5342
5341
5316
5305
5295
5291
5286
5282
5265
5249
5241
5239
5220
5197
5190
5189
5189
5179
5163
5159
5141
5140
5139
5127
5120
5120
5115
5112
5107
5102
5085
5073
5063
5054
5039
5036
5007
5006
5001
4991
4972
4964
4963
4931
4918
4902
4886
4879
4861
4856
4854
4822
4818
4812
4807
4776
4768
4768
4764
4762
4755
4739
4734
4731
4721
4716
4669
4668
4664
4658
4637
4632
4624
4621
4608
4569
4564
4558
4547
4542
4540
4536
4521
4520
4517
4505
4499
4491
4482
4474
4460
4459
4457
4441
4435
4432
4429
4408
4405
4392
4386
4378
4377
4366
4354
4347
4345
4345
4333
4333
4314
4299
4292
4281
4270
4261
4253
4251
4236
4234
4232
4224
4222
4219
4210
4184
4181
4171
4156
4151
4135
4081
4078
4061
4060
4059
4054
4048
4038
4038
4028
4020
4003
3997
3984
3978
3965
3957
3952
3951
3948
3939
3938
3922
3919
3914
3889
3860
3845
3832
3815
3803
3802
3786
3779
3778
3778
3772
3766
3764
3735
3716
3705
3687
3679
3674
3629
3608
3603
3594
3585
3581
3563
3560
3556
3553
3532
3531
3515
3508
3487
3465
3458
3454
3452
3449
3444
3441
3435
3418
3413
3406
3406
3393
3392
3386
3363
3354
3334
3327
3311
3311
3306
3289
3288
3208
3189
3179
3160
3160
3157
3157
3134
3133
3130
3111
3110
3064
3062
3053
3030
3015
3013
3011
3007
2979
2960
2960
2958
2952
2946
2940
2925
2912
2909
2907
2892
2890
2870
2859
2853
2850
2845
2838
2831
2826
2820
2815
2802
2800
2790
2789
2779
2776
2773
2765
2756
2748
2736
2732
2721
2649
2640
2637
2624
2612
2600
2573
2559
2548
2548
2528
2512
2498
2481
2464
2454
2435
2425
2414
2409
2403
2395
2394
2393
2388
2386
2372
2347
2329
2322
2314
2312
2289
2286
2274
2222
2220
2212
2184
2167
2165
2153
2153
2147
2145
2144
2134
2129
2127
2126
2122
2113
2109
2088
2076
2071
2067
2034
2008
1987
1982
1978
1965
1938
1938
1926
1916
1914
1914
1905
1905
1888
1884
1880
1859
1852
1847
1842
1841
1819
1814
1792
1792
1785
1784
1774
1772
1771
1767
1754
1747
1746
1741
1736
1719
1711
1684
1679
1678
1668
1644
1633
1604
1603
1601
1592
1585
1571
1544
1537
1525
1516
1506
1497
1457
1448
1446
1432
1428
1426
1425
1416
1405
1405
1395
1379
1358
1348
1341
1331
1330
1320
1307
1303
1291
1278
1275
1275
1260
1254
1245
1233
1232
1199
1193
1188
1186
1184
1179
1176
1152
1149
1146
1137
1130
1119
1103
1062
1047
1030
1027
1022
1021
1019
991
983
951
919
902
888
883
881
879
875
872
867
852
851
850
850
849
835
828
817
809
807
802
795
792
786
757
721
721
719
706
704
680
674
673
673
673
668
642
630
623
623
623
618
607
598
597
579
569
564
543
517
514
510
495
493
485
468
451
446
438
429
415
415
392
391
361
327
311
287
269
263
262
248
180
144
130
121
117
111
106
82
36
