10000
9999
9997
9995
9992
9992
9990
9989
9988
9988
9988
9983
9981
9976
9973
9973
9972
9968
9968
9968
9967
9966
9966
9965
9955
9955
9953
9951
9950
9950
9949
9946
9946
9945
9944
9943
9941
9933
9930
9925
9925
9924
9923
9923
9915
9914
9912
9909
9908
9905
9904
9901
9900
9897
9892
9892
9890
9886
9882
9881
9880
9880
9875
9875
9874
9873
9871
9869
9868
9864
9862
9862
9854
9851
9851
9850
9847
9845
9845
9837
9837
9833
9831
9830
9826
9825
9823
9822
9821
9813
9812
9811
9810
9806
9805
9804
9803
9802
9800
9797
9797
9796
9795
9793
9792
9792
9791
9787
9786
9781
9777
9776
9774
9773
9771
9768
9768
9766
9764
9761
9757
9753
9752
9752
9751
9750
9747
9746
9746
9733
9731
9731
9728
9728
9728
9724
9724
9722
9715
9713
9712
9712
9708
9708
9708
9707
9705
9703
9703
9700
9700
9700
9699
9696
9694
9694
9691
9688
9687
9684
9681
9678
9677
9675
9668
9666
9665
9663
9662
9662
9660
9659
9658
9657
9647
9643
9643
9642
9640
9639
9639
9637
9637
9636
9631
9630
9630
9629
9625
9624
9622
9614
9613
9613
9612
9612
9611
9607
9603
9599
9598
9595
9595
9592
9590
9589
9588
9586
9586
9581
9578
9578
9575
9571
9569
9564
9560
9560
9559
9557
9557
9554
9548
9548
9547
9546
9540
9535
9534
9533
9531
9530
9529
9528
9525
9525
9522
9520
9519
9513
9512
9511
9508
9507
9506
9505
9502
9502
9501
9500
9500
9499
9498
9496
9496
9492
9492
9492
9491
9485
9483
9483
9482
9479
9475
9471
9466
9466
9464
9463
9461
9461
9460
9457
9456
9455
9454
9453
9453
9450
9449
9449
9447
9445
9445
9435
9435
9433
9433
9430
9426
9423
9423
9421
9417
9417
9414
9413
9412
9412
9412
9408
9407
9404
9403
9402
9400
9399
9397
9397
9395
9395
9393
9393
9389
9389
9388
9387
9386
9384
9383
9379
9379
9379
9378
9377
9376
9376
9371
9368
9368
9360
9360
9355
9350
9349
9347
9344
9340
9339
9337
9337
9335
9333
9333
9332
9330
9330
9327
9327
9325
9324
9319
9319
9315
9313
9313
9312
9309
9308
9307
9306
9302
9302
9300
9300
9298
9298
9295
9286
9283
9281
9279
9279
9278
9277
9274
9273
9266
9262
9261
9259
9259
9257
9257
9256
9255
9252
9247
9246
9239
9237
9237
9232
9230
9224
9224
9222
9221
9220
9218
9216
9213
9213
9212
9212
9211
9211
9207
9204
9199
9199
9198
9196
9195
9193
9190
9190
9186
9182
9179
9179
9177
9176
9176
9174
9172
9169
9168
9168
9166
9165
9163
9163
9161
9160
9158
9154
9154
9151
9149
9149
9143
9142
9141
9140
9139
9138
9137
9135
9135
9135
9135
9134
9133
9131
9122
9121
9121
9116
9115
9111
9106
9099
9098
9097
9097
9096
9095
9094
9094
9094
9093
9087
9087
9085
9084
9084
9074
9074
9072
9070
9069
9064
9063
9061
9057
9056
9053
9052
9051
9046
9038
9037
9033
9032
9029
9027
9024
9022
9021
9021
9020
9019
9013
9013
9013
9013
9012
9011
9009
9006
9004
9000
8997
8997
8996
8994
8991
8990
8990
8989
8989
8989
8988
8987
8986
8986
8985
8982
8975
8975
8971
8966
8965
8961
8959
8958
8955
8954
8953
8952
8946
8945
8945
8941
8940
8939
8937
8933
8931
8927
8926
8925
8924
8924
8923
8921
8920
8919
8909
8908
8903
8903
8900
8898
8898
8897
8895
8892
8891
8890
8885
8885
8884
8884
8883
8883
8881
8877
8875
8873
8871
8871
8866
8865
8865
8862
8861
8858
8858
8857
8855
8853
8846
8841
8837
8836
8835
8834
8831
8828
8824
8822
8820
8819
8819
8818
8818
8816
8814
8811
8810
8804
8800
8799
8798
8798
8796
8795
8788
8788
8788
8786
8784
8778
8778
8777
8775
8775
8772
8772
8771
8770
8769
8767
8765
8763
8758
8757
8757
8756
8755
8754
8753
8753
8752
8748
8743
8741
8740
8740
8738
8735
8733
8726
8726
8720
8719
8716
8713
8713
8712
8710
8707
8706
8706
8704
8700
8699
8696
8696
8692
8688
8687
8683
8683
8680
8676
8673
8673
8673
8668
8668
8666
8665
8663
8663
8662
8662
8657
8656
8653
8652
8643
8639
8636
8631
8630
8629
8628
8627
8626
8626
8625
8624
8623
8622
8621
8620
8620
8619
8618
8617
8615
8612
8610
8607
8600
8598
8594
8592
8591
8590
8589
8586
8585
8583
8581
8581
8580
8579
8578
8577
8576
8573
8572
8571
8571
8568
8567
8564
8563
8562
8562
8560
8559
8557
8557
8554
8551
8548
8548
8547
8547
8541
8539
8537
8528
8522
8519
8517
8515
8514
8513
8513
8512
8511
8509
8507
8506
8506
8505
8505
8505
8505
8504
8503
8501
8495
8493
8492
8492
8487
8486
8484
8480
8480
8479
8478
8476
8473
8472
8472
8469
8467
8463
8463
8461
8461
8457
8456
8456
8455
8454
8451
8451
8449
8447
8444
8442
8438
8438
8436
8435
8433
8432
8428
8423
8421
8418
8415
8413
8412
8411
8411
8410
8409
8405
8403
8403
8401
8401
8401
8399
8396
8393
8392
8392
8391
8390
8389
8387
8386
8386
8375
8371
8371
8365
8365
8361
8357
8351
8349
8334
8334
8333
8332
8330
8329
8328
8327
8321
8320
8319
8318
8317
8316
8316
8316
8315
8314
8312
8311
8304
8303
8303
8303
8302
8301
8301
8298
8290
8290
8289
8287
8286
8284
8278
8277
8277
8273
8271
8270
8269
8268
8268
8266
8264
8264
8263
8262
8261
8261
8259
8258
8256
8253
8250
8247
8246
8244
8242
8240
8237
8232
8228
8227
8227
8226
8224
8222
8221
8220
8219
8219
8219
8218
8217
8217
8215
8214
8212
8211
8208
8207
8205
8204
8204
8200
8199
8194
8194
8189
8187
8185
8184
8167
8164
8160
8159
8157
8152
8147
8145
8145
8145
8144
8144
8143
8143
8138
8132
8130
8127
8124
8123
8119
8118
8118
8118
8117
8117
8116
8116
8115
8114
8113
8113
8111
8107
8107
8107
8107
8107
8106
8103
8102
8102
8099
8098
8096
8093
8090
8089
8088
8088
8086
8079
8078
8076
8076
8074
8072
8072
8070
8066
8063
8060
8059
8056
8055
8053
8053
8051
8048
8045
8044
8043
8043
8043
8042
8041
8039
8036
8035
8035
8032
8029
8027
8027
8025
8020
8017
8008
8005
8003
8002
8002
8001
7998
7997
7995
7993
7992
7991
7990
7987
7987
7986
7978
7978
7977
7977
7975
7975
7971
7968
7967
7964
7963
7963
7962
7961
7960
7957
7957
7955
7954
7954
7949
7946
7942
7942
7939
7932
7932
7931
7931
7929
7928
7928
7926
7924
7924
7922
7914
7913
7913
7911
7910
7901
7901
7900
7900
7900
7896
7892
7892
7890
7887
7887
7881
7876
7874
7872
7872
7869
7868
7865
7864
7858
7857
7857
7856
7855
7853
7850
7847
7841
7838
7837
7837
7836
7834
7829
7825
7825
7823
7817
7814
7813
7812
7807
7806
7805
7805
7804
7800
7800
7797
7796
7793
7791
7789
7787
7785
7784
7783
7777
7777
7777
7774
7773
7772
7770
7768
7768
7767
7765
7763
7759
7753
7748
7748
7745
7744
7742
7737
7736
7735
7735
7732
7731
7731
7728
7720
7720
7715
7714
7711
7711
7704
7702
7701
7699
7699
7698
7697
7696
7695
7695
7693
7687
7686
7682
7677
7672
7672
7672
7671
7669
7667
7660
7656
7650
7650
7646
7644
7640
7640
7637
7636
7636
7634
7633
7632
7628
7627
7626
7624
7620
7620
7619
7618
7610
7608
7606
7606
7604
7603
7602
7599
7598
7593
7592
7592
7589
7587
7585
7584
7583
7583
7582
7581
7581
7580
7579
7577
7575
7575
7570
7568
7564
7561
7560
7559
7557
7556
7556
7553
7545
7543
7541
7540
7537
7535
7533
7533
7532
7531
7527
7526
7526
7523
7517
7514
7513
7512
7512
7511
7509
7509
7508
7507
7505
7504
7504
7503
7502
7502
7500
7496
7495
7494
7492
7489
7487
7484
7484
7482
7478
7478
7478
7476
7473
7469
7469
7466
7464
7459
7459
7457
7454
7453
7452
7449
7449
7448
7445
7444
7444
7443
7443
7439
7435
7434
7427
7427
7424
7424
7423
7423
7422
7421
7418
7418
7418
7418
7417
7417
7416
7415
7413
7412
7410
7410
7409
7406
7399
7391
7389
7386
7385
7383
7382
7376
7375
7374
7368
7367
7365
7361
7360
7359
7359
7356
7354
7354
7352
7351
7347
7346
7338
7337
7334
7334
7333
7330
7327
7325
7325
7324
7323
7319
7319
7319
7317
7316
7314
7309
7300
7294
7293
7291
7288
7285
7285
7284
7280
7279
7276
7270
7269
7269
7268
7268
7266
7265
7265
7259
7258
7251
7249
7248
7247
7246
7245
7242
7239
7236
7236
7235
7232
7232
7232
7231
7230
7229
7229
7228
7228
7227
7223
7220
7218
7215
7215
7213
7210
7210
7208
7196
7195
7193
7187
7184
7184
7182
7182
7182
7181
7178
7178
7176
7174
7174
7174
7173
7172
7171
7160
7160
7159
7158
7158
7155
7154
7151
7145
7145
7143
7141
7141
7141
7140
7139
7139
7138
7133
7132
7131
7128
7127
7125
7124
7121
7120
7118
7118
7116
7114
7110
7103
7100
7100
7100
7099
7097
7097
7096
7094
7093
7090
7084
7080
7076
7074
7073
7073
7072
7072
7070
7069
7067
7063
7063
7059
7057
7056
7055
7053
7051
7050
7049
7046
7045
7041
7040
7036
7032
7032
7031
7031
7029
7028
7025
7023
7022
7020
7019
7017
7014
7014
7013
7013
7013
7013
7010
7009
7006
7005
7002
7000
7000
6998
6995
6995
6994
6992
6991
6990
6990
6987
6986
6981
6981
6981
6980
6980
6980
6978
6971
6968
6968
6965
6965
6965
6964
6962
6962
6960
6959
6958
6958
6950
6949
6949
6948
6944
6942
6941
6938
6937
6936
6932
6922
6921
6921
6919
6913
6909
6908
6908
6904
6903
6902
6895
6893
6891
6888
6888
6884
6883
6873
6870
6867
6867
6865
6865
6864
6860
6859
6859
6859
6856
6854
6853
6853
6852
6848
6842
6841
6841
6839
6833
6831
6829
6827
6823
6821
6819
6816
6815
6813
6810
6809
6805
6803
6802
6801
6801
6798
6791
6789
6782
6776
6775
6774
6770
6762
6761
6758
6756
6752
6749
6747
6745
6743
6742
6741
6740
6738
6737
6734
6732
6729
6728
6727
6724
6724
6723
6721
6719
6716
6716
6713
6711
6705
6700
6700
6699
6699
6697
6697
6695
6694
6692
6692
6692
6691
6690
6690
6686
6682
6681
6681
6681
6681
6680
6675
6670
6668
6660
6657
6657
6656
6655
6653
6652
6650
6648
6646
6643
6638
6638
6631
6628
6626
6626
6625
6624
6624
6620
6619
6611
6604
6604
6604
6601
6598
6595
6595
6593
6592
6587
6584
6577
6576
6575
6572
6571
6571
6567
6566
6562
6561
6560
6558
6556
6555
6555
6553
6552
6545
6543
6542
6540
6538
6535
6532
6532
6531
6528
6526
6523
6522
6522
6515
6515
6507
6505
6503
6501
6499
6499
6496
6493
6492
6491
6489
6489
6486
6480
6477
6476
6474
6471
6468
6466
6464
6464
6461
6458
6452
6444
6443
6443
6443
6442
6438
6436
6435
6433
6431
6430
6426
6424
6424
6419
6419
6419
6418
6418
6418
6417
6413
6413
6408
6403
6400
6399
6395
6393
6392
6391
6390
6385
6382
6380
6379
6379
6375
6374
6372
6371
6370
6369
6365
6365
6356
6354
6351
6350
6349
6347
6347
6346
6340
6340
6338
6337
6336
6336
6335
6334
6333
6331
6329
6324
6323
6321
6317
6316
6316
6312
6310
6309
6308
6303
6302
6301
6299
6298
6297
6296
6294
6294
6293
6285
6283
6280
6277
6276
6270
6270
6268
6262
6260
6260
6259
6259
6259
6258
6257
6253
6253
6252
6251
6248
6248
6247
6243
6243
6241
6241
6241
6241
6238
6236
6234
6232
6232
6230
6224
6220
6219
6218
6216
6214
6210
6205
6204
6203
6199
6199
6197
6194
6193
6192
6190
6190
6187
6185
6185
6184
6176
6176
6175
6175
6175
6174
6173
6172
6170
6170
6164
6160
6160
6160
6158
6158
6157
6152
6150
6149
6147
6144
6143
6141
6136
6129
6119
6119
6114
6114
6114
6112
6112
6110
6109
6108
6107
6101
6098
6095
6093
6093
6092
6090
6087
6083
6081
6080
6080
6078
6076
6072
6071
6070
6069
6066
6058
6055
6053
6051
6049
6045
6043
6043
6039
6038
6037
6036
6024
6024
6023
6023
6021
6021
6021
6018
6015
6014
6007
6007
6005
6004
6003
6002
6001
6000
6000
5997
5991
5989
5989
5988
5987
5987
5980
5977
5974
5973
5970
5966
5966
5965
5964
5963
5962
5953
5949
5943
5941
5939
5937
5937
5937
5936
5936
5934
5931
5931
5927
5926
5922
5917
5916
5908
5907
5907
5903
5902
5896
5896
5889
5888
5887
5885
5880
5880
5879
5875
5873
5873
5869
5869
5866
5864
5863
5861
5860
5858
5858
5857
5857
5855
5854
5854
5853
5849
5845
5844
5842
5842
5841
5837
5836
5836
5835
5835
5832
5832
5828
5823
5819
5817
5817
5815
5805
5804
5798
5789
5787
5783
5783
5783
5779
5768
5767
5766
5766
5763
5759
5759
5758
5757
5756
5744
5739
5735
5731
5729
5729
5728
5728
5726
5724
5723
5723
5718
5716
5715
5714
5714
5714
5713
5709
5708
5705
5703
5700
5699
5695
5695
5693
5692
5691
5690
5687
5680
5676
5676
5676
5674
5674
5667
5664
5662
5661
5661
5658
5657
5655
5654
5654
5653
5649
5644
5644
5642
5636
5635
5634
5633
5632
5630
5627
5626
5626
5625
5623
5623
5619
5616
5615
5615
5613
5613
5609
5608
5608
5605
5603
5603
5601
5601
5596
5593
5592
5591
5589
5588
5588
5586
5585
5584
5583
5582
5580
5578
5577
5574
5574
5574
5574
5569
5568
5568
5567
5561
5559
5557
5557
5557
5557
5555
5545
5543
5540
5540
5539
5539
5537
5536
5535
5535
5533
5530
5525
5522
5521
5512
5511
5510
5506
5504
5502
5501
5499
5498
5497
5497
5496
5496
5495
5490
5490
5490
5489
5488
5487
5485
5484
5484
5483
5481
5476
5475
5472
5471
5470
5468
5450
5447
5445
5440
5439
5437
5436
5436
5429
5421
5421
5420
5419
5418
5415
5414
5411
5407
5406
5406
5403
5402
5401
5400
5400
5397
5395
5394
5390
5390
5385
5383
5380
5379
5378
5378
5373
5366
5365
5365
5365
5364
5354
5349
5349
5345
5345
5342
5341
5339
5335
5335
5332
5331
5331
5327
5327
5325
5324
5323
5318
5316
5316
5315
5314
5312
5311
5309
5308
5308
5300
5299
5297
5294
5294
5294
5292
5290
5286
5285
5282
5280
5280
5277
5277
5275
5275
5274
5269
5269
5266
5263
5260
5258
5257
5255
5248
5248
5247
5247
5245
5241
5240
5239
5239
5237
5233
5230
5225
5222
5221
5218
5215
5212
5211
5207
5204
5203
5203
5202
5201
5198
5197
5195
5181
5177
5177
5176
5173
5169
5164
5162
5161
5158
5158
5157
5156
5155
5154
5150
5147
5142
5142
5138
5134
5133
5130
5125
5119
5119
5118
5115
5113
5108
5107
5106
5101
5100
5100
5099
5097
5094
5085
5085
5085
5080
5077
5076
5074
5072
5072
5071
5066
5065
5065
5064
5064
5063
5060
5050
5048
5048
5047
5046
5042
5041
5041
5041
5035
5034
5033
5029
5026
5022
5018
5014
5013
5011
5011
5008
5008
5005
5000
4998
4997
4997
4997
4996
4992
4991
4989
4987
4986
4981
4980
4978
4977
4977
4976
4970
4968
4967
4966
4966
4965
4962
4960
4960
4960
4952
4951
4944
4942
4940
4932
4930
4930
4929
4927
4926
4922
4920
4919
4917
4913
4912
4911
4908
4908
4902
4902
4901
4897
4896
4896
4896
4893
4892
4891
4890
4887
4882
4879
4878
4877
4875
4874
4874
4873
4870
4869
4867
4858
4856
4850
4849
4848
4844
4844
4843
4841
4837
4837
4837
4835
4831
4831
4830
4830
4826
4824
4823
4823
4822
4821
4820
4819
4818
4816
4812
4812
4810
4810
4809
4806
4806
4805
4803
4803
4802
4799
4799
4788
4788
4788
4784
4784
4782
4781
4781
4781
4781
4780
4779
4776
4775
4771
4770
4768
4766
4765
4763
4762
4759
4754
4753
4751
4750
4741
4739
4738
4738
4737
4737
4733
4733
4731
4731
4730
4729
4728
4727
4727
4724
4724
4723
4723
4722
4720
4719
4718
4712
4712
4708
4705
4704
4700
4700
4698
4698
4696
4695
4694
4693
4687
4685
4684
4681
4676
4673
4673
4670
4670
4665
4665
4662
4661
4659
4659
4655
4651
4650
4650
4648
4643
4640
4639
4635
4635
4635
4633
4633
4624
4622
4622
4622
4617
4614
4613
4612
4612
4612
4611
4606
4606
4604
4604
4603
4601
4599
4599
4597
4597
4595
4594
4592
4592
4591
4589
4587
4586
4580
4579
4579
4578
4577
4576
4576
4575
4573
4570
4567
4567
4566
4565
4563
4563
4560
4557
4554
4551
4548
4547
4545
4545
4544
4544
4543
4542
4542
4541
4539
4539
4538
4538
4536
4536
4532
4530
4529
4528
4527
4525
4522
4518
4516
4511
4510
4507
4506
4505
4505
4501
4496
4496
4492
4491
4490
4489
4488
4487
4487
4487
4482
4481
4481
4480
4476
4474
4468
4468
4465
4463
4463
4462
4461
4460
4459
4450
4450
4447
4447
4445
4444
4444
4443
4442
4440
4430
4427
4426
4423
4422
4420
4418
4415
4414
4414
4410
4405
4403
4403
4400
4397
4395
4395
4393
4392
4390
4389
4388
4385
4384
4382
4380
4377
4377
4367
4365
4365
4364
4363
4362
4362
4362
4361
4361
4361
4356
4353
4351
4349
4346
4345
4342
4342
4339
4339
4330
4327
4326
4322
4319
4318
4318
4315
4314
4312
4307
4305
4305
4302
4300
4296
4295
4294
4286
4283
4283
4282
4281
4278
4276
4276
4275
4275
4275
4269
4267
4263
4262
4257
4255
4252
4250
4245
4243
4241
4238
4238
4238
4236
4232
4230
4230
4228
4227
4226
4223
4222
4219
4219
4217
4210
4209
4208
4208
4207
4201
4200
4198
4196
4191
4188
4188
4187
4186
4184
4183
4182
4181
4180
4180
4171
4169
4166
4165
4163
4162
4160
4159
4158
4157
4151
4145
4143
4142
4141
4141
4140
4140
4140
4136
4131
4128
4125
4125
4122
4118
4117
4116
4115
4115
4112
4112
4111
4111
4110
4108
4105
4104
4104
4103
4099
4099
4099
4098
4097
4095
4095
4092
4091
4091
4090
4089
4088
4087
4086
4081
4080
4078
4075
4075
4074
4073
4072
4072
4072
4071
4069
4065
4063
4063
4062
4060
4059
4059
4058
4051
4048
4048
4047
4047
4044
4038
4034
4032
4031
4030
4030
4029
4027
4026
4025
4024
4024
4023
4023
4022
4020
4015
4013
4013
4009
4009
4009
4007
4006
4005
4003
4000
3999
3998
3997
3994
3994
3991
3989
3988
3986
3982
3981
3979
3979
3977
3975
3967
3959
3958
3957
3956
3954
3954
3953
3952
3951
3945
3938
3937
3935
3934
3933
3933
3932
3929
3929
3920
3920
3916
3910
3905
3905
3904
3899
3897
3896
3896
3896
3886
3879
3876
3876
3874
3873
3870
3868
3867
3866
3859
3858
3856
3855
3855
3848
3842
3841
3839
3839
3838
3836
3833
3832
3831
3830
3828
3825
3823
3823
3820
3818
3816
3816
3815
3812
3810
3808
3807
3805
3803
3803
3803
3798
3797
3794
3789
3787
3787
3785
3777
3776
3776
3775
3774
3771
3762
3762
3761
3761
3760
3759
3758
3758
3758
3757
3757
3756
3756
3753
3753
3751
3750
3748
3747
3745
3743
3743
3743
3741
3741
3738
3733
3730
3730
3729
3727
3727
3727
3721
3720
3720
3719
3719
3718
3715
3715
3714
3714
3711
3706
3703
3698
3698
3698
3697
3696
3694
3691
3691
3691
3689
3688
3686
3683
3682
3679
3672
3665
3664
3663
3661
3657
3657
3653
3653
3651
3649
3647
3635
3629
3629
3627
3626
3626
3622
3620
3618
3616
3615
3610
3610
3608
3606
3605
3603
3602
3602
3601
3597
3594
3591
3586
3585
3583
3583
3583
3581
3572
3567
3565
3562
3561
3561
3557
3554
3550
3547
3544
3542
3540
3540
3537
3532
3530
3529
3528
3527
3526
3523
3521
3521
3520
3519
3517
3516
3515
3510
3505
3503
3502
3502
3500
3498
3498
3497
3497
3493
3492
3489
3489
3485
3481
3480
3479
3478
3477
3469
3468
3467
3464
3460
3458
3456
3456
3453
3447
3445
3445
3444
3440
3439
3435
3434
3434
3433
3430
3429
3429
3413
3410
3406
3406
3406
3402
3400
3399
3397
3395
3394
3390
3388
3381
3381
3376
3370
3370
3368
3362
3359
3357
3354
3354
3352
3350
3350
3347
3345
3344
3344
3337
3336
3335
3335
3334
3330
3329
3326
3323
3318
3313
3311
3309
3309
3309
3308
3307
3304
3303
3300
3297
3296
3296
3296
3295
3287
3285
3282
3281
3278
3278
3275
3273
3273
3268
3266
3264
3261
3260
3255
3254
3250
3248
3248
3244
3243
3242
3240
3231
3231
3230
3230
3228
3226
3226
3222
3222
3219
3219
3217
3215
3210
3210
3209
3207
3205
3205
3202
3202
3201
3200
3197
3195
3190
3189
3188
3186
3183
3180
3180
3180
3179
3178
3175
3174
3172
3163
3162
3161
3160
3159
3159
3158
3154
3154
3154
3153
3153
3153
3152
3146
3146
3145
3142
3140
3135
3133
3132
3131
3130
3127
3126
3126
3125
3122
3122
3117
3114
3113
3108
3107
3106
3102
3101
3099
3099
3097
3095
3094
3094
3089
3089
3077
3074
3071
3070
3069
3069
3068
3067
3064
3063
3060
3057
3053
3052
3052
3051
3050
3044
3036
3035
3033
3033
3028
3024
3023
3023
3023
3022
3021
3016
3015
3014
3011
3011
3010
3008
3008
3006
2997
2995
2994
2989
2987
2985
2983
2983
2983
2980
2974
2973
2972
2969
2967
2964
2963
2962
2961
2959
2959
2957
2957
2956
2955
2953
2952
2949
2949
2949
2948
2948
2946
2941
2937
2936
2934
2932
2929
2929
2921
2919
2918
2917
2916
2914
2914
2912
2910
2909
2909
2904
2904
2903
2902
2902
2896
2894
2889
2888
2888
2888
2885
2883
2883
2882
2880
2879
2879
2879
2879
2877
2874
2871
2870
2865
2859
2856
2851
2848
2847
2846
2846
2845
2838
2836
2834
2833
2832
2831
2829
2828
2824
2823
2819
2812
2811
2811
2811
2809
2809
2809
2809
2808
2795
2795
2790
2790
2788
2787
2786
2785
2784
2783
2780
2778
2772
2769
2767
2766
2764
2763
2760
2756
2754
2753
2748
2745
2743
2742
2742
2738
2736
2736
2735
2734
2733
2732
2732
2731
2729
2728
2725
2723
2721
2719
2716
2714
2714
2714
2711
2707
2706
2706
2706
2706
2705
2705
2705
2702
2702
2701
2698
2695
2695
2693
2693
2690
2687
2687
2687
2684
2678
2675
2673
2672
2672
2671
2670
2666
2666
2665
2661
2658
2655
2654
2654
2652
2651
2650
2643
2636
2636
2634
2633
2630
2628
2626
2624
2623
2622
2621
2620
2620
2619
2619
2617
2615
2611
2609
2594
2594
2591
2589
2588
2587
2584
2580
2573
2572
2571
2569
2569
2569
2568
2567
2562
2562
2554
2552
2549
2547
2545
2545
2544
2542
2542
2537
2533
2530
2529
2521
2519
2518
2517
2513
2512
2512
2508
2506
2504
2500
2497
2496
2496
2490
2489
2485
2485
2484
2484
2484
2483
2482
2480
2475
2468
2467
2467
2465
2464
2464
2463
2455
2454
2453
2449
2449
2445
2442
2441
2434
2430
2429
2429
2429
2429
2424
2423
2414
2413
2413
2409
2406
2405
2402
2397
2397
2396
2394
2393
2392
2389
2387
2386
2386
2383
2382
2381
2378
2373
2373
2370
2367
2366
2364
2363
2363
2362
2356
2355
2354
2351
2350
2350
2349
2349
2349
2348
2348
2344
2342
2342
2335
2334
2334
2333
2329
2326
2326
2324
2321
2320
2318
2316
2316
2314
2312
2311
2310
2309
2308
2306
2301
2300
2300
2297
2296
2294
2293
2292
2286
2284
2281
2280
2280
2278
2277
2276
2276
2275
2274
2273
2269
2267
2267
2264
2257
2255
2255
2252
2245
2243
2238
2235
2233
2231
2223
2221
2221
2220
2218
2216
2215
2213
2210
2208
2208
2208
2208
2204
2203
2198
2195
2193
2191
2189
2185
2185
2184
2181
2178
2178
2176
2176
2174
2173
2173
2171
2170
2166
2165
2162
2162
2162
2161
2159
2154
2153
2149
2148
2142
2137
2137
2136
2134
2132
2129
2129
2128
2128
2125
2114
2113
2113
2108
2105
2104
2102
2100
2097
2095
2094
2093
2093
2092
2092
2089
2088
2086
2084
2081
2081
2080
2079
2079
2077
2076
2076
2074
2071
2068
2068
2064
2060
2059
2057
2052
2050
2049
2047
2047
2047
2045
2043
2043
2043
2043
2042
2041
2041
2037
2035
2034
2033
2031
2030
2030
2025
2024
2022
2022
2019
2016
2016
2014
2013
2010
2009
2008
2006
2004
2003
2002
2001
2000
1995
1994
1993
1990
1983
1981
1980
1979
1978
1975
1975
1973
1972
1971
1970
1969
1963
1963
1962
1960
1959
1959
1959
1958
1956
1951
1947
1941
1939
1938
1937
1937
1936
1930
1929
1926
1925
1923
1921
1920
1918
1918
1917
1917
1915
1912
1911
1906
1905
1905
1904
1901
1899
1898
1895
1895
1888
1887
1887
1885
1883
1880
1879
1878
1874
1874
1866
1858
1857
1856
1855
1854
1853
1853
1849
1848
1846
1846
1845
1845
1843
1840
1840
1838
1836
1831
1815
1814
1813
1807
1806
1805
1803
1800
1800
1799
1799
1798
1794
1792
1787
1785
1785
1782
1777
1777
1773
1769
1765
1765
1761
1760
1756
1751
1746
1745
1744
1744
1741
1736
1733
1732
1731
1730
1729
1729
1724
1724
1723
1722
1721
1721
1720
1719
1718
1718
1716
1715
1713
1712
1702
1702
1701
1701
1699
1697
1695
1693
1690
1690
1689
1686
1686
1683
1683
1682
1680
1678
1674
1674
1673
1672
1665
1663
1663
1661
1659
1658
1655
1654
1650
1647
1645
1641
1641
1640
1639
1639
1636
1635
1630
1629
1628
1627
1626
1621
1618
1616
1615
1606
1606
1597
1596
1591
1589
1587
1569
1566
1565
1556
1556
1554
1554
1554
1554
1554
1549
1548
1548
1547
1547
1543
1539
1539
1537
1536
1534
1530
1526
1518
1517
1512
1512
1508
1508
1502
1501
1500
1498
1497
1492
1492
1489
1488
1488
1487
1487
1487
1485
1485
1483
1483
1478
1469
1469
1457
1445
1443
1443
1442
1434
1431
1431
1427
1426
1426
1421
1421
1419
1416
1414
1413
1410
1404
1403
1402
1402
1401
1400
1399
1398
1398
1394
1394
1391
1391
1390
1389
1383
1381
1380
1374
1371
1371
1367
1361
1358
1356
1355
1352
1350
1345
1343
1340
1334
1330
1328
1324
1322
1321
1321
1319
1317
1312
1311
1311
1309
1307
1307
1305
1301
1299
1298
1297
1295
1294
1293
1292
1292
1290
1289
1286
1286
1285
1281
1281
1280
1280
1280
1278
1277
1276
1275
1266
1263
1261
1260
1251
1250
1250
1241
1241
1240
1238
1238
1237
1236
1231
1231
1230
1230
1230
1229
1226
1226
1226
1225
1224
1223
1216
1216
1216
1215
1211
1210
1206
1205
1193
1193
1189
1189
1181
1179
1178
1174
1174
1174
1173
1173
1172
1168
1165
1164
1164
1164
1162
1162
1160
1158
1156
1152
1145
1139
1138
1138
1137
1128
1128
1125
1123
1121
1116
1115
1111
1109
1107
1105
1103
1100
1097
1097
1096
1095
1091
1088
1087
1087
1085
1078
1074
1072
1063
1061
1053
1052
1052
1050
1044
1043
1043
1042
1042
1041
1039
1038
1037
1036
1029
1025
1025
1024
1024
1022
1020
1018
1018
1015
1014
1014
1013
1010
1008
1008
1006
1003
1002
1000
999
998
997
996
990
986
985
983
983
979
978
976
974
972
971
966
961
957
956
956
955
950
948
947
944
944
943
942
940
940
940
938
932
931
930
928
927
921
921
920
917
915
915
913
913
913
910
906
906
903
901
899
898
894
891
890
889
888
876
875
875
873
873
872
870
870
869
868
866
866
865
860
860
858
857
847
844
842
841
839
834
833
832
828
820
813
812
808
807
807
806
806
803
802
802
802
798
797
795
795
794
793
792
791
785
782
780
780
778
775
771
771
769
766
764
764
762
761
761
759
754
754
753
753
752
751
749
740
737
735
735
731
731
730
728
728
726
726
723
719
718
711
710
709
708
707
706
705
704
704
699
693
692
690
689
685
681
679
674
671
670
667
664
664
659
658
658
657
657
655
655
653
651
650
640
639
635
629
629
621
620
619
617
612
611
610
607
606
606
605
604
603
602
599
599
595
593
592
592
592
590
589
589
588
587
587
584
584
583
581
580
579
570
569
566
563
557
557
553
550
549
548
545
544
538
538
533
533
531
529
529
528
526
526
511
510
506
505
500
498
495
489
488
488
488
488
482
482
479
476
472
472
471
469
467
466
466
466
465
463
463
460
459
456
456
446
444
444
442
440
438
437
437
434
434
431
431
430
430
429
429
428
428
426
425
425
423
420
419
418
417
415
415
414
410
405
401
400
399
399
397
396
395
392
387
383
382
376
376
373
360
355
354
353
353
350
350
349
345
344
342
335
332
330
329
327
327
324
323
321
320
320
318
317
316
313
311
307
306
305
304
302
300
298
298
296
295
293
291
290
289
285
285
285
282
279
279
277
276
270
268
264
262
262
257
255
255
248
246
242
242
240
238
235
234
232
229
228
227
225
222
220
219
215
213
211
210
208
205
205
205
204
203
203
203
201
198
197
197
192
191
188
188
188
184
183
183
180
179
176
175
171
170
169
168
166
166
163
162
159
159
158
153
149
148
147
144
144
142
142
141
140
137
136
136
130
129
129
126
126
125
120
120
119
119
117
117
116
114
111
111
109
107
101
101
99
99
99
99
98
98
97
96
95
95
94
90
90
87
87
86
83
76
74
68
68
67
66
65
64
63
60
55
53
52
50
44
42
41
40
35
31
25
24
21
19
17
14
13
10
5
5
2
1
0
