9941
9892
9887
9885
9879
9776
9754
9470
9360
9356
8769
8641
8501
8379
8376
8257
8191
8183
8029
7878
7710
7577
7491
7289
7263
6970
6949
6819
6618
6602
6463
6457
6386
6300
5924
5913
5898
5732
5658
5591
5471
5415
5341
5316
5169
5143
5118
4982
4977
4953
4716
4505
4474
4157
4136
4123
4052
3888
3885
3862
3628
3514
3259
3098
2613
2394
2357
2346
2334
2124
2008
1891
1693
1678
1635
1609
1597
1460
1202
1126
797
796
753
730
685
660
644
571
461
404
393
308
303
255
188
169
168
122
71
35
