0
0
2
6
12
12
13
13
18
18
20
24
25
27
35
37
37
37
38
45
48
48
48
49
50
51
52
53
56
60
62
63
63
65
68
69
69
71
73
74
77
79
80
82
83
84
86
86
92
96
96
98
99
101
102
103
104
104
105
105
106
109
109
109
112
114
117
117
118
120
120
122
123
126
126
127
129
130
132
139
143
145
145
148
149
153
154
154
156
158
164
164
165
165
166
167
167
172
173
174
175
176
181
185
186
190
193
196
196
199
199
203
204
205
206
207
208
210
214
219
220
220
222
223
223
224
225
227
228
230
232
232
233
236
236
244
246
250
256
258
260
261
269
271
271
272
275
280
286
286
287
288
289
292
292
294
295
296
297
298
301
302
306
306
310
315
316
319
322
322
326
326
327
331
332
332
336
337
337
340
342
343
347
349
351
354
354
355
355
356
359
360
366
366
369
370
370
372
375
379
380
382
392
393
393
398
400
400
400
401
406
407
409
412
415
417
424
427
427
431
431
433
438
438
441
443
445
445
448
454
457
457
458
462
468
470
472
475
475
479
480
480
481
483
487
488
491
492
492
494
495
498
503
503
504
507
510
512
512
513
515
516
518
519
520
521
521
523
528
528
530
530
533
534
535
540
541
541
546
549
554
556
565
565
566
566
568
571
572
572
574
576
580
581
584
585
586
587
587
590
592
593
594
596
597
598
598
600
601
602
604
605
611
613
614
615
616
617
620
622
622
625
628
629
629
635
635
640
640
641
641
645
646
647
648
650
652
652
655
655
656
657
658
660
662
663
666
667
669
669
671
674
678
680
681
683
685
686
687
688
690
694
697
702
703
703
705
708
708
710
712
713
717
717
719
721
730
732
734
736
738
744
744
747
750
752
754
754
755
755
757
757
758
764
769
770
773
776
777
777
777
779
780
780
781
782
783
784
785
788
788
789
790
791
792
797
799
799
799
800
801
803
805
808
808
816
818
819
820
824
829
829
830
831
832
833
833
835
839
839
844
847
849
850
852
852
852
852
857
858
859
859
859
860
860
861
864
866
866
867
869
874
877
880
883
883
887
890
890
891
892
893
900
901
902
904
905
906
906
909
911
920
920
921
926
927
928
929
929
930
933
937
937
938
939
940
945
948
949
949
950
954
957
958
958
959
964
966
970
972
974
977
977
978
983
983
986
986
987
987
989
990
991
991
992
992
998
1001
1002
1005
1006
1007
1009
1012
1015
1019
1020
1021
1021
1023
1025
1026
1027
1027
1027
1029
1030
1030
1030
1037
1039
1040
1040
1041
1042
1042
1043
1045
1048
1049
1049
1050
1058
1059
1060
1062
1066
1066
1067
1069
1073
1075
1086
1087
1088
1089
1090
1091
1091
1094
1098
1099
1099
1099
1101
1105
1106
1107
1108
1110
1111
1111
1112
1112
1115
1115
1120
1120
1126
1129
1130
1131
1133
1135
1135
1136
1138
1139
1142
1143
1143
1145
1145
1147
1152
1153
1160
1169
1173
1175
1177
1178
1180
1180
1184
1185
1189
1190
1192
1199
1204
1210
1214
1215
1216
1219
1221
1221
1222
1222
1224
1227
1230
1232
1239
1239
1243
1243
1244
1245
1248
1249
1249
1250
1253
1253
1254
1256
1262
1263
1264
1265
1267
1267
1269
1271
1273
1276
1277
1279
1282
1282
1283
1290
1290
1293
1295
1298
1299
1300
1305
1309
1310
1312
1313
1314
1319
1324
1327
1331
1334
1337
1339
1340
1341
1342
1342
1343
1345
1348
1349
1350
1353
1354
1355
1357
1361
1361
1361
1364
1366
1368
1368
1369
1371
1375
1376
1377
1377
1379
1379
1379
1382
1383
1383
1385
1390
1395
1401
1404
1405
1406
1408
1410
1410
1410
1412
1417
1418
1418
1421
1421
1422
1422
1422
1429
1430
1431
1432
1435
1436
1437
1443
1443
1448
1448
1452
1454
1456
1456
1459
1463
1463
1464
1466
1467
1468
1471
1472
1472
1473
1473
1473
1474
1480
1480
1481
1486
1496
1497
1500
1501
1502
1504
1506
1507
1508
1511
1512
1515
1515
1517
1521
1522
1522
1523
1525
1527
1528
1530
1533
1534
1537
1538
1541
1541
1550
1553
1556
1556
1558
1560
1566
1567
1569
1571
1579
1579
1582
1583
1583
1583
1583
1585
1588
1588
1590
1591
1593
1593
1596
1597
1597
1605
1613
1616
1617
1625
1626
1626
1627
1631
1631
1634
1636
1636
1637
1637
1638
1639
1643
1645
1646
1646
1649
1652
1652
1652
1658
1658
1659
1663
1666
1668
1670
1674
1676
1682
1684
1684
1686
1686
1686
1690
1697
1698
1699
1701
1706
1706
1707
1711
1713
1715
1716
1716
1716
1717
1720
1721
1725
1727
1732
1734
1736
1739
1739
1742
1747
1747
1752
1754
1754
1756
1756
1758
1758
1759
1759
1761
1764
1765
1767
1768
1768
1772
1773
1773
1777
1777
1779
1781
1783
1783
1783
1794
1798
1798
1798
1803
1803
1805
1806
1807
1807
1809
1809
1810
1812
1823
1824
1824
1830
1833
1835
1837
1837
1839
1839
1840
1841
1841
1842
1843
1851
1860
1863
1869
1871
1873
1877
1879
1881
1884
1886
1886
1886
1889
1891
1892
1893
1893
1894
1895
1900
1900
1903
1907
1908
1910
1913
1914
1914
1914
1915
1915
1917
1921
1921
1922
1924
1926
1929
1931
1932
1935
1935
1936
1937
1942
1943
1945
1945
1948
1949
1949
1952
1954
1954
1955
1956
1957
1962
1963
1968
1972
1972
1978
1982
1982
1986
1986
1988
1989
1991
1991
1996
1998
2008
2013
2014
2015
2019
2022
2022
2023
2026
2027
2028
2030
2034
2038
2039
2043
2045
2047
2055
2058
2059
2062
2067
2067
2067
2068
2070
2072
2083
2085
2085
2087
2091
2098
2099
2099
2101
2104
2107
2108
2110
2111
2112
2114
2117
2118
2118
2118
2119
2119
2121
2122
2126
2130
2133
2134
2135
2138
2140
2145
2145
2146
2154
2155
2156
2157
2158
2160
2160
2162
2163
2163
2164
2167
2168
2171
2171
2172
2176
2182
2182
2184
2185
2186
2188
2189
2191
2192
2192
2197
2198
2209
2210
2213
2215
2215
2215
2216
2217
2217
2220
2221
2221
2223
2225
2225
2226
2229
2232
2235
2240
2241
2241
2242
2244
2249
2252
2257
2257
2257
2261
2263
2266
2267
2267
2269
2269
2270
2271
2271
2274
2274
2276
2280
2282
2283
2285
2286
2289
2295
2296
2297
2297
2302
2303
2305
2308
2308
2312
2317
2320
2322
2324
2328
2330
2333
2334
2334
2337
2340
2340
2341
2342
2343
2346
2347
2353
2354
2357
2357
2359
2361
2361
2362
2363
2371
2372
2374
2375
2376
2378
2378
2381
2382
2385
2388
2388
2392
2392
2397
2399
2399
2400
2403
2405
2409
2409
2412
2414
2422
2423
2424
2425
2432
2433
2436
2440
2442
2443
2443
2447
2447
2448
2458
2458
2459
2459
2466
2468
2469
2471
2472
2474
2475
2478
2480
2482
2482
2483
2483
2484
2485
2486
2491
2493
2493
2493
2496
2497
2498
2498
2504
2504
2506
2516
2517
2521
2522
2527
2531
2532
2534
2534
2537
2549
2550
2551
2553
2554
2555
2558
2559
2563
2563
2567
2575
2579
2580
2580
2584
2586
2589
2589
2590
2591
2596
2596
2597
2598
2603
2607
2613
2613
2616
2617
2625
2626
2627
2629
2629
2632
2633
2634
2639
2643
2643
2643
2644
2645
2646
2646
2646
2648
2648
2649
2654
2656
2658
2659
2659
2660
2660
2673
2677
2677
2679
2680
2683
2684
2686
2690
2693
2694
2695
2697
2699
2702
2712
2713
2713
2713
2716
2716
2719
2720
2721
2721
2722
2723
2724
2724
2726
2728
2731
2731
2736
2740
2745
2745
2753
2754
2755
2755
2757
2759
2760
2761
2761
2764
2766
2768
2768
2769
2769
2770
2772
2774
2776
2781
2782
2785
2787
2787
2787
2789
2796
2797
2799
2800
2801
2803
2810
2810
2810
2810
2813
2813
2815
2815
2815
2815
2817
2817
2817
2817
2817
2819
2819
2828
2829
2830
2830
2832
2832
2833
2833
2833
2833
2833
2834
2836
2837
2838
2838
2839
2840
2841
2845
2848
2849
2849
2850
2851
2858
2861
2862
2862
2863
2867
2871
2872
2873
2875
2876
2879
2880
2880
2880
2883
2884
2887
2887
2893
2893
2896
2897
2897
2902
2906
2910
2916
2926
2934
2939
2941
2942
2952
2954
2954
2955
2956
2957
2958
2959
2960
2963
2964
2968
2970
2971
2972
2973
2975
2977
2977
2983
2984
2986
2987
2991
2991
2991
2995
2995
2998
2999
2999
3001
3001
3001
3005
3017
3017
3017
3022
3024
3024
3027
3028
3037
3040
3042
3043
3043
3045
3048
3051
3052
3052
3054
3055
3055
3062
3063
3064
3067
3069
3069
3070
3071
3072
3072
3073
3075
3079
3081
3081
3085
3087
3091
3092
3093
3094
3094
3097
3097
3098
3098
3099
3101
3101
3102
3103
3108
3108
3109
3111
3112
3121
3122
3123
3127
3127
3128
3131
3132
3135
3135
3136
3144
3145
3147
3148
3150
3152
3153
3156
3159
3159
3163
3166
3167
3169
3178
3179
3180
3184
3185
3187
3195
3196
3198
3203
3204
3207
3207
3214
3218
3220
3220
3221
3226
3229
3234
3236
3238
3238
3241
3245
3247
3248
3248
3251
3251
3252
3254
3255
3258
3259
3260
3260
3261
3264
3264
3266
3272
3275
3275
3277
3278
3278
3282
3282
3286
3287
3287
3288
3291
3291
3292
3295
3301
3303
3304
3307
3310
3311
3312
3315
3319
3320
3321
3326
3326
3327
3329
3333
3337
3337
3337
3337
3341
3347
3350
3353
3355
3356
3360
3363
3364
3364
3368
3369
3369
3374
3374
3374
3375
3376
3379
3385
3387
3388
3390
3393
3396
3398
3398
3405
3408
3410
3413
3413
3417
3419
3419
3422
3423
3427
3427
3429
3436
3438
3441
3442
3444
3445
3445
3446
3446
3449
3450
3451
3452
3454
3455
3456
3460
3462
3463
3463
3464
3464
3466
3466
3468
3471
3477
3483
3483
3485
3486
3487
3487
3489
3498
3499
3506
3506
3508
3513
3514
3517
3520
3520
3523
3530
3538
3539
3539
3540
3543
3543
3544
3546
3549
3551
3557
3558
3559
3564
3567
3567
3567
3574
3575
3582
3583
3584
3584
3587
3590
3590
3592
3592
3593
3596
3597
3602
3605
3609
3610
3611
3611
3616
3620
3622
3628
3632
3634
3640
3643
3644
3645
3646
3646
3649
3649
3649
3650
3651
3653
3658
3660
3661
3665
3667
3668
3675
3676
3676
3679
3680
3682
3683
3686
3688
3691
3692
3695
3698
3703
3707
3708
3709
3711
3713
3716
3718
3722
3725
3731
3738
3739
3739
3743
3745
3745
3751
3752
3754
3755
3755
3756
3765
3766
3771
3773
3773
3773
3774
3781
3783
3784
3785
3787
3789
3790
3793
3794
3800
3800
3803
3804
3804
3805
3806
3808
3809
3810
3811
3817
3826
3827
3830
3838
3847
3848
3849
3853
3857
3857
3858
3861
3862
3864
3865
3867
3867
3867
3868
3869
3874
3878
3878
3884
3885
3885
3886
3888
3895
3895
3896
3904
3906
3908
3916
3919
3920
3921
3921
3921
3921
3921
3922
3923
3926
3926
3932
3934
3936
3936
3937
3937
3939
3940
3953
3955
3958
3963
3963
3963
3964
3965
3966
3969
3970
3974
3974
3975
3976
3976
3978
3978
3978
3982
3984
3988
3990
3991
3992
3994
3995
3997
3998
4003
4004
4008
4016
4017
4017
4019
4022
4023
4023
4024
4030
4032
4033
4039
4042
4047
4053
4053
4055
4058
4061
4062
4063
4065
4066
4070
4072
4072
4073
4076
4076
4079
4079
4080
4080
4084
4086
4094
4095
4098
4100
4107
4110
4113
4114
4116
4117
4118
4119
4124
4126
4126
4128
4132
4136
4138
4140
4141
4142
4143
4144
4146
4151
4152
4154
4156
4158
4158
4160
4162
4163
4170
4170
4170
4173
4178
4182
4184
4184
4191
4191
4198
4199
4202
4207
4210
4211
4214
4216
4220
4222
4223
4226
4227
4230
4231
4233
4234
4237
4239
4239
4240
4240
4241
4241
4242
4244
4244
4249
4254
4255
4256
4256
4260
4261
4263
4264
4267
4268
4268
4268
4270
4277
4281
4281
4282
4286
4289
4290
4292
4293
4294
4295
4296
4299
4305
4308
4308
4313
4314
4318
4319
4321
4325
4327
4328
4331
4334
4335
4337
4342
4342
4344
4347
4350
4350
4353
4356
4358
4358
4359
4360
4362
4363
4363
4369
4371
4371
4371
4372
4372
4376
4378
4378
4383
4383
4386
4387
4389
4392
4393
4394
4395
4398
4398
4400
4404
4405
4409
4409
4416
4416
4416
4418
4420
4420
4427
4432
4432
4435
4436
4440
4440
4440
4443
4446
4446
4447
4449
4459
4460
4463
4468
4473
4475
4477
4482
4482
4483
4486
4487
4488
4489
4489
4491
4492
4504
4509
4511
4513
4514
4518
4522
4525
4530
4536
4539
4541
4547
4550
4552
4553
4553
4553
4557
4564
4564
4566
4567
4569
4569
4571
4573
4575
4576
4578
4583
4584
4586
4590
4593
4596
4597
4598
4599
4600
4601
4605
4607
4608
4608
4611
4611
4613
4613
4618
4619
4620
4620
4622
4624
4625
4625
4625
4626
4631
4633
4633
4635
4635
4637
4645
4646
4648
4650
4653
4654
4661
4664
4666
4666
4669
4669
4670
4674
4675
4677
4680
4683
4685
4685
4696
4700
4701
4702
4703
4703
4704
4705
4711
4712
4713
4713
4714
4714
4716
4717
4719
4719
4721
4723
4724
4725
4731
4731
4736
4742
4742
4746
4747
4750
4751
4751
4751
4752
4754
4755
4756
4758
4759
4761
4761
4765
4768
4769
4769
4773
4774
4775
4777
4777
4778
4779
4781
4781
4782
4783
4786
4787
4787
4788
4788
4788
4788
4789
4790
4792
4794
4798
4798
4801
4808
4808
4809
4810
4812
4818
4820
4820
4822
4826
4826
4834
4837
4838
4840
4842
4842
4843
4843
4844
4844
4844
4845
4848
4849
4858
4859
4863
4864
4864
4873
4874
4877
4878
4879
4881
4882
4884
4886
4888
4889
4890
4890
4891
4892
4892
4894
4896
4902
4903
4904
4905
4908
4909
4909
4910
4910
4914
4917
4917
4917
4918
4923
4924
4929
4934
4940
4945
4945
4949
4950
4952
4953
4954
4954
4957
4958
4958
4960
4965
4970
4975
4975
4979
4980
4985
4986
4987
4990
4990
4990
4996
4997
4998
5000
5001
5003
5003
5005
5005
5007
5011
5012
5013
5014
5014
5014
5016
5017
5020
5023
5024
5025
5027
5030
5032
5038
5040
5041
5043
5044
5044
5048
5049
5056
5056
5057
5061
5061
5063
5069
5073
5076
5076
5078
5086
5089
5091
5093
5094
5095
5095
5095
5095
5101
5102
5105
5107
5111
5112
5116
5119
5120
5121
5122
5124
5124
5126
5128
5131
5132
5134
5135
5135
5140
5144
5145
5145
5145
5146
5147
5150
5152
5154
5158
5164
5172
5173
5173
5174
5174
5176
5177
5177
5179
5182
5183
5183
5183
5188
5193
5194
5195
5196
5198
5199
5201
5203
5206
5207
5209
5211
5212
5215
5216
5217
5217
5217
5218
5220
5224
5225
5226
5226
5234
5234
5237
5240
5242
5242
5243
5244
5244
5250
5251
5254
5257
5260
5261
5262
5264
5264
5268
5269
5271
5273
5281
5282
5283
5284
5285
5287
5289
5291
5296
5298
5299
5299
5301
5305
5306
5308
5309
5311
5315
5315
5316
5319
5321
5323
5324
5328
5329
5330
5332
5332
5334
5336
5338
5339
5342
5343
5349
5349
5351
5351
5351
5354
5354
5357
5359
5359
5360
5363
5366
5366
5369
5372
5372
5375
5376
5381
5382
5383
5386
5388
5388
5390
5396
5397
5397
5398
5399
5400
5400
5400
5402
5403
5404
5405
5406
5408
5409
5410
5411
5412
5416
5422
5423
5424
5427
5427
5430
5430
5435
5436
5437
5439
5439
5440
5440
5441
5442
5444
5445
5446
5448
5450
5451
5452
5453
5453
5453
5454
5456
5457
5458
5464
5465
5469
5471
5473
5474
5476
5476
5477
5478
5480
5484
5484
5490
5492
5493
5493
5493
5495
5502
5502
5503
5507
5510
5510
5511
5514
5516
5517
5522
5523
5524
5528
5529
5538
5539
5541
5541
5542
5545
5549
5549
5555
5555
5556
5557
5557
5558
5560
5561
5563
5565
5565
5567
5573
5581
5582
5582
5585
5586
5586
5591
5597
5598
5599
5600
5601
5601
5602
5607
5608
5610
5611
5614
5615
5619
5619
5619
5620
5620
5621
5621
5623
5625
5625
5632
5633
5634
5635
5636
5638
5639
5640
5640
5642
5646
5648
5649
5650
5650
5651
5653
5654
5655
5657
5662
5663
5663
5665
5666
5667
5667
5669
5674
5675
5675
5676
5678
5681
5681
5683
5685
5687
5688
5692
5694
5697
5697
5701
5701
5703
5704
5707
5708
5708
5713
5715
5730
5734
5735
5736
5737
5739
5742
5742
5743
5743
5746
5748
5751
5752
5753
5756
5757
5758
5758
5759
5761
5764
5766
5768
5768
5770
5771
5772
5772
5772
5773
5778
5781
5782
5786
5787
5788
5789
5789
5789
5789
5791
5801
5802
5807
5808
5809
5810
5814
5816
5819
5822
5824
5826
5827
5828
5829
5830
5832
5833
5833
5834
5836
5838
5843
5843
5853
5856
5860
5860
5860
5861
5863
5867
5869
5870
5870
5871
5876
5885
5888
5891
5893
5895
5899
5900
5901
5902
5904
5907
5910
5915
5916
5918
5922
5924
5924
5930
5933
5940
5946
5946
5947
5948
5950
5951
5954
5954
5956
5956
5957
5959
5959
5959
5959
5959
5959
5960
5961
5963
5971
5972
5973
5973
5975
5976
5977
5981
5982
5985
5989
5989
5989
5994
5995
5998
5999
6001
6001
6002
6003
6005
6013
6013
6013
6015
6016
6023
6023
6024
6024
6031
6031
6034
6034
6036
6042
6044
6046
6047
6047
6049
6049
6050
6051
6057
6059
6069
6070
6070
6071
6076
6080
6084
6085
6087
6087
6088
6088
6093
6094
6097
6097
6097
6099
6100
6101
6101
6102
6102
6102
6106
6109
6109
6110
6110
6110
6114
6118
6119
6120
6121
6132
6133
6134
6138
6139
6139
6142
6145
6147
6148
6151
6151
6154
6160
6161
6161
6161
6162
6164
6168
6168
6170
6171
6172
6172
6173
6177
6178
6178
6184
6189
6189
6189
6191
6193
6194
6197
6197
6197
6197
6201
6206
6210
6210
6211
6211
6213
6214
6215
6215
6217
6218
6219
6230
6234
6235
6239
6240
6242
6242
6243
6246
6249
6250
6253
6254
6256
6256
6258
6259
6264
6264
6265
6268
6271
6271
6273
6278
6283
6285
6286
6286
6289
6292
6294
6298
6299
6305
6306
6309
6309
6312
6312
6314
6316
6321
6322
6324
6325
6329
6333
6335
6336
6337
6344
6348
6350
6351
6353
6354
6354
6358
6359
6359
6359
6361
6361
6362
6365
6372
6373
6379
6382
6383
6383
6384
6385
6391
6392
6397
6398
6399
6402
6406
6407
6407
6410
6412
6414
6414
6415
6415
6416
6418
6418
6421
6422
6423
6425
6425
6428
6428
6429
6430
6433
6437
6440
6441
6442
6444
6445
6446
6449
6449
6450
6454
6454
6455
6458
6458
6461
6462
6462
6462
6462
6465
6465
6466
6469
6473
6475
6476
6476
6478
6478
6478
6478
6479
6481
6484
6488
6488
6488
6489
6490
6490
6491
6498
6499
6500
6502
6505
6507
6511
6512
6514
6526
6528
6533
6537
6537
6538
6542
6544
6544
6550
6553
6554
6555
6559
6561
6561
6561
6575
6575
6577
6577
6578
6578
6578
6581
6586
6586
6589
6589
6591
6592
6593
6597
6599
6599
6602
6602
6607
6609
6612
6615
6615
6616
6617
6619
6620
6621
6623
6623
6626
6626
6630
6630
6632
6632
6635
6643
6644
6645
6653
6653
6655
6657
6659
6660
6661
6662
6663
6665
6665
6667
6674
6674
6674
6674
6677
6679
6680
6683
6685
6686
6691
6695
6697
6699
6703
6704
6704
6705
6707
6710
6715
6719
6719
6721
6722
6723
6723
6725
6725
6727
6727
6727
6727
6732
6733
6734
6734
6738
6741
6742
6744
6746
6746
6747
6750
6753
6756
6765
6767
6769
6771
6772
6772
6782
6783
6784
6787
6788
6793
6795
6797
6798
6799
6800
6801
6806
6809
6810
6811
6819
6820
6823
6823
6824
6825
6829
6830
6832
6833
6834
6835
6837
6838
6840
6841
6842
6843
6852
6854
6854
6855
6863
6864
6864
6866
6872
6874
6875
6878
6878
6880
6883
6889
6893
6894
6895
6897
6898
6898
6901
6902
6903
6903
6904
6905
6907
6907
6909
6910
6910
6911
6913
6913
6915
6917
6918
6919
6920
6920
6923
6929
6930
6930
6930
6932
6933
6936
6938
6941
6943
6947
6948
6950
6950
6956
6962
6966
6966
6970
6974
6974
6975
6976
6976
6977
6977
6978
6982
6982
6984
6988
6988
6991
6991
6993
6995
6995
6998
6999
7002
7006
7011
7018
7020
7026
7026
7027
7032
7033
7037
7040
7042
7043
7045
7045
7048
7048
7048
7050
7052
7053
7054
7056
7058
7060
7061
7064
7067
7069
7069
7069
7070
7073
7079
7081
7083
7086
7087
7092
7093
7095
7096
7096
7098
7102
7103
7103
7104
7104
7107
7107
7111
7112
7114
7116
7120
7120
7121
7123
7126
7126
7127
7127
7128
7131
7135
7136
7137
7138
7141
7144
7144
7145
7146
7151
7154
7157
7161
7163
7163
7164
7168
7168
7169
7171
7176
7177
7182
7182
7183
7185
7187
7189
7190
7190
7191
7192
7193
7193
7194
7196
7198
7204
7205
7205
7206
7206
7207
7207
7209
7212
7214
7215
7222
7224
7227
7228
7233
7234
7237
7238
7238
7242
7246
7247
7249
7249
7252
7253
7255
7259
7260
7261
7264
7265
7271
7274
7275
7276
7282
7284
7284
7285
7285
7286
7286
7289
7290
7292
7293
7294
7295
7298
7300
7300
7301
7302
7304
7307
7309
7310
7311
7312
7318
7319
7319
7321
7322
7324
7325
7331
7332
7338
7339
7340
7345
7346
7349
7352
7352
7355
7356
7357
7358
7359
7361
7363
7364
7367
7370
7372
7372
7373
7376
7379
7380
7381
7384
7385
7391
7393
7393
7394
7399
7401
7403
7405
7405
7406
7410
7412
7412
7412
7415
7416
7420
7425
7426
7437
7438
7439
7441
7441
7442
7445
7445
7446
7447
7448
7449
7451
7453
7454
7459
7460
7462
7462
7462
7472
7474
7476
7476
7478
7479
7479
7480
7482
7484
7488
7488
7490
7491
7491
7491
7493
7495
7497
7498
7498
7500
7501
7501
7503
7507
7509
7509
7512
7513
7514
7515
7516
7517
7517
7517
7518
7520
7525
7525
7526
7529
7529
7529
7529
7529
7534
7538
7541
7541
7541
7547
7551
7552
7552
7557
7558
7558
7558
7558
7560
7560
7561
7567
7568
7571
7574
7578
7578
7580
7584
7584
7589
7589
7592
7593
7594
7596
7600
7605
7605
7605
7607
7610
7611
7614
7615
7620
7621
7621
7623
7625
7625
7626
7631
7633
7633
7634
7635
7637
7640
7643
7651
7655
7657
7659
7660
7660
7661
7663
7666
7666
7671
7674
7675
7677
7679
7681
7681
7682
7684
7685
7687
7690
7693
7696
7696
7697
7697
7703
7704
7705
7707
7707
7708
7709
7716
7717
7719
7720
7720
7724
7729
7734
7734
7739
7739
7743
7744
7751
7751
7751
7752
7753
7757
7759
7761
7762
7762
7763
7764
7768
7770
7771
7771
7773
7774
7779
7780
7781
7782
7783
7783
7783
7786
7797
7798
7799
7800
7801
7801
7807
7807
7808
7810
7814
7814
7814
7814
7817
7817
7822
7826
7828
7829
7831
7832
7833
7833
7833
7834
7837
7838
7838
7839
7842
7844
7846
7848
7848
7855
7856
7861
7864
7866
7866
7867
7871
7872
7876
7879
7880
7881
7882
7883
7884
7891
7891
7891
7892
7892
7892
7893
7897
7897
7902
7906
7906
7913
7914
7916
7925
7925
7926
7926
7926
7927
7927
7928
7931
7931
7935
7935
7947
7948
7949
7952
7952
7954
7955
7956
7958
7960
7961
7962
7966
7971
7976
7984
7984
7987
7988
7988
7988
7990
7990
7991
7992
7996
7996
7997
8000
8000
8004
8006
8007
8009
8009
8011
8015
8016
8017
8017
8018
8020
8022
8022
8022
8022
8024
8025
8026
8027
8028
8028
8030
8030
8030
8031
8033
8035
8038
8043
8044
8049
8050
8052
8052
8053
8054
8056
8060
8061
8066
8066
8069
8076
8077
8079
8082
8082
8083
8084
8087
8088
8094
8096
8096
8100
8102
8102
8115
8116
8118
8119
8123
8123
8123
8129
8131
8132
8135
8136
8139
8141
8142
8143
8146
8149
8151
8152
8153
8156
8157
8158
8159
8161
8166
8168
8168
8169
8177
8177
8183
8186
8187
8192
8195
8195
8196
8198
8198
8202
8203
8203
8207
8213
8214
8220
8222
8225
8226
8228
8229
8230
8234
8236
8236
8238
8238
8241
8242
8247
8248
8248
8250
8252
8254
8256
8257
8261
8264
8266
8268
8271
8272
8274
8274
8277
8278
8279
8283
8285
8292
8295
8296
8297
8300
8300
8301
8301
8304
8304
8309
8311
8312
8313
8318
8319
8323
8326
8326
8327
8330
8331
8332
8334
8334
8338
8340
8343
8348
8350
8351
8352
8354
8354
8359
8360
8361
8361
8369
8374
8374
8375
8377
8378
8378
8379
8381
8381
8384
8385
8388
8389
8391
8392
8395
8396
8399
8399
8399
8400
8400
8401
8404
8406
8406
8409
8411
8415
8416
8417
8418
8420
8421
8422
8426
8428
8430
8430
8440
8440
8442
8446
8446
8447
8451
8452
8456
8456
8458
8459
8460
8463
8464
8465
8472
8473
8473
8474
8480
8487
8487
8488
8488
8490
8491
8491
8496
8499
8500
8503
8506
8508
8508
8509
8510
8512
8514
8515
8516
8516
8522
8522
8524
8526
8528
8529
8532
8532
8533
8536
8541
8543
8545
8548
8551
8552
8554
8555
8556
8557
8557
8557
8559
8562
8562
8562
8566
8569
8569
8570
8573
8577
8577
8577
8580
8582
8585
8587
8592
8592
8593
8594
8594
8598
8602
8610
8611
8616
8619
8620
8620
8625
8627
8628
8631
8631
8633
8638
8642
8643
8643
8645
8648
8648
8651
8651
8651
8653
8657
8659
8659
8662
8666
8668
8669
8680
8684
8686
8687
8689
8696
8697
8699
8700
8702
8703
8704
8706
8708
8709
8710
8714
8715
8716
8716
8718
8720
8720
8723
8726
8730
8732
8734
8734
8737
8740
8743
8743
8746
8746
8757
8759
8763
8763
8764
8765
8766
8770
8770
8772
8773
8780
8781
8783
8783
8784
8786
8787
8792
8794
8796
8798
8801
8803
8804
8805
8807
8809
8812
8812
8813
8816
8819
8824
8824
8825
8826
8829
8830
8830
8831
8831
8836
8840
8841
8844
8846
8850
8852
8854
8856
8856
8858
8858
8859
8862
8866
8867
8868
8870
8871
8876
8877
8877
8879
8882
8885
8885
8888
8893
8898
8901
8902
8903
8906
8907
8907
8907
8908
8908
8909
8911
8911
8913
8914
8916
8917
8920
8921
8923
8927
8928
8931
8932
8934
8936
8939
8939
8939
8941
8943
8945
8945
8946
8947
8952
8956
8956
8963
8963
8963
8971
8972
8973
8976
8978
8979
8981
8981
8981
8986
8987
8991
8991
8992
8993
8993
8995
8996
8996
9000
9000
9010
9011
9012
9014
9015
9018
9020
9023
9024
9026
9027
9032
9038
9040
9041
9042
9045
9045
9046
9049
9050
9050
9051
9052
9057
9061
9066
9067
9068
9069
9071
9071
9073
9073
9075
9076
9076
9079
9083
9083
9084
9087
9091
9091
9093
9094
9095
9098
9098
9098
9099
9103
9106
9110
9112
9112
9116
9119
9119
9125
9125
9129
9136
9137
9140
9141
9142
9146
9147
9148
9149
9152
9153
9154
9162
9163
9164
9167
9170
9175
9175
9179
9190
9194
9194
9195
9196
9196
9196
9197
9198
9199
9199
9206
9207
9213
9215
9220
9227
9229
9237
9238
9239
9239
9247
9250
9250
9251
9251
9264
9267
9268
9270
9270
9271
9273
9273
9274
9275
9275
9275
9275
9276
9278
9279
9281
9282
9284
9285
9285
9287
9290
9292
9294
9296
9298
9301
9301
9303
9307
9309
9312
9318
9319
9320
9325
9325
9326
9326
9327
9329
9334
9336
9337
9343
9345
9347
9347
9347
9349
9350
9351
9355
9356
9357
9360
9361
9361
9363
9365
9368
9371
9372
9373
9373
9374
9375
9378
9381
9381
9383
9387
9389
9393
9394
9397
9401
9402
9403
9404
9406
9406
9407
9413
9414
9415
9417
9417
9419
9420
9423
9425
9425
9426
9428
9431
9431
9434
9440
9441
9446
9449
9451
9453
9457
9462
9463
9465
9467
9467
9467
9475
9479
9479
9480
9481
9484
9486
9487
9487
9487
9488
9490
9493
9496
9497
9498
9500
9505
9511
9511
9512
9512
9512
9518
9519
9519
9523
9525
9525
9526
9526
9529
9529
9531
9532
9532
9535
9536
9539
9540
9544
9545
9549
9549
9550
9552
9553
9555
9556
9556
9558
9559
9561
9561
9563
9566
9568
9572
9574
9574
9577
9578
9579
9580
9581
9583
9584
9587
9590
9592
9601
9602
9603
9604
9608
9608
9609
9610
9611
9616
9619
9621
9622
9624
9626
9629
9634
9634
9635
9635
9637
9650
9650
9651
9658
9662
9663
9667
9671
9672
9677
9678
9678
9678
9679
9681
9684
9685
9691
9692
9693
9696
9699
9700
9703
9711
9712
9713
9715
9722
9723
9725
9725
9729
9732
9734
9737
9738
9740
9743
9743
9747
9749
9749
9750
9752
9754
9756
9756
9762
9763
9763
9765
9767
9770
9770
9771
9772
9776
9778
9782
9785
9790
9790
9791
9795
9795
9796
9800
9800
9803
9803
9804
9804
9805
9807
9810
9814
9814
9815
9818
9819
9822
9824
9825
9826
9826
9827
9831
9834
9834
9835
9837
9841
9843
9845
9846
9848
9848
9856
9858
9860
9860
9861
9863
9865
9867
9868
9868
9870
9874
9875
9875
9877
9879
9883
9887
9887
9889
9897
9898
9899
9900
9903
9903
9904
9904
9906
9907
9908
9912
9916
9918
9919
9919
9921
9924
9927
9928
9929
9931
9931
9931
9933
9933
9938
9945
9945
9946
9947
9948
9950
9953
9956
9961
9962
9966
9966
9966
9968
9970
9970
9972
9976
9978
9980
9983
9988
9988
9988
9988
9991
9992
9993
9995
9997
9998
9999
