1
2
2
6
8
8
10
11
12
14
18
18
21
23
24
25
29
29
31
31
32
32
35
36
36
37
39
39
44
45
45
45
45
46
48
48
52
53
54
54
54
55
55
56
56
57
59
59
61
62
63
64
65
65
66
67
68
69
71
72
74
75
76
78
79
80
80
83
84
86
86
87
88
89
89
90
90
91
91
91
93
94
94
94
96
97
98
99
99
100
100
100
101
102
103
105
106
106
108
109
112
114
114
114
116
116
118
118
120
120
120
120
124
124
127
127
128
128
129
129
130
132
133
133
135
136
141
143
143
144
144
144
144
148
149
149
152
155
155
156
156
157
159
161
161
161
161
165
167
168
169
171
171
173
173
175
175
175
175
176
177
177
178
178
179
179
179
182
183
184
184
187
187
188
188
190
190
191
194
198
198
200
201
204
205
205
205
205
206
207
208
208
208
209
210
210
210
211
213
214
216
218
219
220
220
221
221
222
223
225
225
226
227
230
232
232
233
233
233
233
236
236
238
238
239
240
241
244
244
246
247
247
249
249
251
251
252
253
256
256
258
258
259
260
265
267
267
270
270
271
271
273
274
278
278
278
278
279
280
280
280
282
283
285
286
287
288
290
292
293
295
296
296
297
298
299
299
299
300
301
301
302
304
304
304
305
306
306
307
307
309
314
315
316
317
318
319
319
320
323
323
324
327
327
327
327
328
330
330
331
332
332
332
335
336
337
337
337
339
339
340
340
341
342
344
344
344
345
346
347
350
350
352
352
353
354
355
355
355
357
358
361
361
363
364
365
367
368
369
371
372
373
375
378
379
379
380
386
386
389
389
390
391
394
394
397
398
398
399
399
403
404
405
406
406
407
408
409
411
411
412
412
412
413
414
414
414
416
417
417
417
419
419
419
421
421
423
425
425
427
427
430
430
431
431
433
433
434
434
434
435
435
437
437
438
439
439
439
440
440
441
442
443
445
445
445
446
446
446
447
449
450
451
452
452
452
452
453
455
455
455
462
463
465
465
468
468
468
469
469
470
470
472
475
475
478
479
479
481
481
482
483
483
484
484
486
487
487
488
489
491
493
494
495
496
497
498
499
499
500
500
501
504
505
506
506
507
508
509
511
513
513
514
514
515
516
516
517
519
520
521
521
522
522
523
523
524
525
525
526
527
530
531
531
531
531
531
532
532
533
533
536
538
541
543
544
545
546
546
547
549
549
554
555
555
559
560
561
564
566
569
571
571
572
573
574
576
576
578
581
581
582
585
586
586
587
588
589
589
589
590
591
592
593
594
594
596
597
599
600
605
605
606
607
607
609
611
611
612
615
615
615
615
617
618
618
619
622
623
624
626
626
627
628
629
629
631
632
634
634
636
636
637
638
638
639
640
646
646
648
650
651
651
653
653
653
654
656
658
659
659
662
662
662
664
664
666
666
668
670
671
671
672
672
677
678
678
679
680
680
681
683
683
684
684
685
685
685
687
688
689
689
689
691
692
693
693
694
695
697
698
698
699
700
701
702
703
703
704
704
705
709
709
709
710
710
711
712
713
714
714
714
716
718
721
722
726
726
726
728
729
730
730
731
732
732
734
735
735
736
736
736
737
737
738
740
742
743
745
745
745
750
751
752
752
753
754
754
754
755
757
759
760
760
760
760
762
763
766
766
767
767
768
770
771
771
771
772
773
774
774
775
775
775
775
777
777
777
777
777
777
778
778
780
781
783
784
784
788
790
792
795
796
797
797
799
799
800
801
802
803
805
805
805
806
807
807
807
808
810
810
811
812
813
813
815
818
818
818
819
822
823
824
824
826
827
827
828
828
829
832
834
834
836
837
839
840
841
841
842
842
842
843
843
844
844
845
846
846
847
848
849
850
851
851
852
853
854
854
856
856
857
857
858
859
861
861
862
863
863
864
864
864
864
865
865
865
865
866
866
866
867
868
869
870
873
873
873
874
875
876
877
879
881
881
883
883
883
885
885
885
887
889
891
891
891
895
896
896
896
897
899
900
900
901
901
902
902
903
904
904
904
905
905
907
907
907
907
909
910
911
911
912
912
913
915
916
917
917
918
922
922
922
923
923
924
926
927
930
930
931
931
931
935
935
935
937
938
938
938
940
940
943
945
945
946
947
947
948
950
951
952
953
954
955
955
955
956
958
959
959
960
961
961
962
962
962
963
964
964
965
966
967
969
970
970
970
970
972
973
973
974
976
976
977
978
978
980
983
984
986
987
987
988
989
990
991
991
992
994
995
995
995
995
996
996
997
997
997
998
998
998
1004
1005
1005
1009
1009
1010
1010
1011
1012
1012
1013
1014
1015
1017
1018
1018
1019
1020
1020
1020
1021
1021
1022
1023
1026
1028
1029
1030
1031
1032
1033
1033
1034
1038
1040
1040
1043
1044
1045
1045
1046
1046
1048
1048
1050
1052
1052
1052
1053
1055
1055
1056
1058
1058
1059
1059
1060
1060
1063
1063
1063
1063
1064
1068
1070
1070
1072
1073
1074
1076
1076
1078
1078
1079
1079
1082
1082
1083
1083
1084
1084
1085
1086
1087
1087
1090
1090
1090
1090
1091
1091
1094
1094
1094
1096
1096
1097
1097
1098
1098
1099
1099
1100
1100
1101
1101
1102
1104
1106
1106
1107
1110
1111
1112
1112
1112
1113
1117
1119
1123
1123
1124
1124
1125
1127
1128
1129
1130
1130
1132
1133
1134
1135
1139
1140
1140
1143
1146
1146
1147
1148
1148
1149
1150
1153
1154
1156
1157
1157
1158
1160
1161
1162
1164
1164
1167
1168
1168
1168
1171
1171
1172
1175
1176
1177
1178
1180
1180
1183
1183
1183
1184
1185
1185
1185
1185
1185
1186
1188
1189
1192
1192
1192
1194
1195
1196
1196
1199
1202
1203
1203
1204
1204
1207
1207
1209
1210
1210
1212
1215
1216
1216
1216
1217
1217
1218
1218
1219
1220
1220
1222
1223
1224
1228
1228
1228
1229
1234
1238
1240
1244
1244
1244
1245
1247
1248
1248
1250
1250
1252
1253
1254
1254
1255
1255
1255
1256
1259
1266
1267
1271
1272
1272
1272
1273
1273
1273
1274
1274
1274
1275
1276
1276
1276
1277
1279
1279
1279
1280
1281
1282
1283
1288
1290
1291
1293
1293
1295
1295
1295
1296
1297
1298
1299
1300
1303
1305
1305
1305
1305
1307
1308
1308
1309
1310
1311
1313
1313
1314
1315
1315
1316
1316
1318
1319
1319
1319
1319
1322
1323
1326
1326
1328
1329
1332
1332
1332
1333
1333
1333
1336
1338
1339
1340
1340
1340
1341
1342
1342
1344
1346
1348
1349
1349
1349
1349
1352
1352
1354
1354
1358
1358
1359
1360
1365
1366
1366
1366
1366
1367
1372
1372
1372
1374
1375
1375
1378
1378
1379
1380
1380
1380
1382
1385
1385
1385
1386
1386
1393
1393
1394
1397
1397
1398
1399
1399
1401
1402
1403
1404
1407
1410
1412
1412
1412
1415
1416
1417
1419
1420
1421
1421
1421
1421
1422
1423
1423
1424
1424
1424
1424
1425
1426
1428
1428
1430
1430
1431
1434
1434
1437
1438
1438
1439
1439
1444
1446
1448
1448
1449
1449
1450
1452
1453
1454
1455
1455
1456
1456
1456
1458
1458
1458
1458
1460
1463
1469
1469
1469
1471
1471
1471
1472
1472
1472
1473
1473
1474
1475
1476
1477
1479
1481
1483
1485
1492
1492
1492
1492
1494
1495
1495
1495
1497
1499
1499
1502
1503
1505
1505
1507
1507
1509
1511
1512
1512
1512
1517
1517
1517
1517
1519
1519
1520
1520
1520
1522
1523
1524
1524
1527
1529
1529
1529
1530
1531
1531
1533
1533
1534
1535
1535
1536
1538
1539
1541
1542
1543
1544
1544
1545
1545
1546
1550
1551
1556
1558
1559
1559
1560
1560
1564
1564
1564
1566
1566
1568
1568
1569
1571
1571
1572
1575
1576
1577
1577
1577
1578
1580
1582
1584
1585
1587
1589
1589
1589
1592
1594
1594
1594
1594
1595
1596
1597
1598
1600
1602
1602
1604
1605
1605
1605
1606
1608
1609
1609
1610
1610
1610
1613
1614
1616
1617
1617
1617
1618
1619
1619
1621
1621
1621
1622
1624
1625
1626
1626
1626
1628
1629
1631
1632
1632
1633
1633
1636
1636
1639
1639
1640
1642
1643
1645
1647
1650
1651
1651
1651
1652
1652
1654
1655
1656
1656
1656
1657
1657
1658
1658
1658
1659
1660
1660
1660
1660
1661
1662
1664
1664
1665
1666
1667
1668
1671
1671
1672
1672
1673
1675
1675
1676
1676
1676
1678
1679
1679
1681
1681
1682
1682
1682
1683
1684
1685
1685
1686
1686
1686
1689
1690
1692
1692
1692
1693
1694
1698
1700
1702
1703
1704
1704
1704
1704
1709
1712
1712
1715
1717
1717
1718
1719
1726
1726
1727
1727
1728
1728
1729
1730
1731
1732
1732
1733
1734
1736
1736
1736
1740
1741
1743
1743
1744
1745
1748
1748
1749
1749
1749
1752
1752
1753
1754
1754
1756
1757
1758
1758
1758
1762
1763
1763
1763
1763
1764
1764
1764
1765
1769
1769
1770
1770
1770
1770
1771
1772
1773
1773
1775
1776
1777
1778
1778
1778
1779
1783
1784
1784
1784
1785
1786
1786
1787
1790
1793
1794
1794
1795
1797
1797
1799
1800
1802
1802
1803
1803
1804
1804
1804
1805
1806
1809
1810
1811
1812
1814
1814
1814
1816
1816
1816
1817
1819
1820
1820
1820
1820
1820
1823
1823
1823
1826
1829
1829
1830
1832
1835
1835
1836
1837
1837
1838
1839
1841
1842
1848
1849
1849
1851
1852
1852
1853
1854
1855
1857
1861
1861
1861
1862
1862
1862
1862
1862
1863
1863
1864
1864
1865
1865
1866
1867
1868
1868
1869
1869
1870
1873
1874
1874
1876
1877
1877
1878
1878
1880
1881
1882
1883
1883
1883
1884
1886
1887
1889
1891
1893
1894
1894
1895
1897
1899
1900
1900
1900
1905
1905
1905
1907
1907
1908
1908
1909
1910
1910
1912
1913
1916
1916
1916
1918
1918
1920
1921
1923
1923
1926
1926
1926
1926
1926
1927
1930
1930
1932
1934
1934
1934
1936
1937
1938
1939
1939
1941
1941
1941
1942
1942
1944
1944
1946
1948
1951
1952
1952
1954
1956
1956
1957
1957
1958
1963
1964
1967
1968
1970
1970
1971
1971
1973
1974
1974
1974
1983
1984
1985
1985
1986
1987
1987
1989
1989
1990
1991
1991
1993
1993
1993
1994
1994
1994
1994
1995
1996
1996
1997
1998
1998
1998
1999
1999
2000
2000
2001
2001
2007
2007
2009
2010
2011
2011
2013
2013
2014
2017
2019
2020
2021
2024
2025
2025
2026
2026
2028
2029
2032
2032
2033
2033
2034
2034
2034
2034
2036
2038
2040
2040
2041
2041
2041
2041
2042
2043
2044
2046
2046
2049
2050
2050
2052
2052
2052
2052
2053
2053
2054
2054
2057
2061
2061
2062
2065
2066
2072
2072
2073
2073
2076
2077
2077
2079
2080
2083
2085
2085
2090
2090
2090
2090
2091
2093
2093
2094
2095
2096
2098
2098
2098
2098
2100
2103
2103
2104
2104
2104
2106
2107
2108
2108
2108
2109
2109
2110
2111
2112
2112
2113
2113
2114
2116
2117
2117
2117
2117
2118
2118
2118
2119
2119
2120
2121
2122
2125
2125
2128
2131
2132
2132
2133
2134
2134
2135
2138
2138
2138
2139
2140
2140
2141
2141
2141
2142
2143
2144
2145
2146
2147
2150
2151
2153
2154
2154
2157
2158
2158
2158
2159
2160
2162
2163
2163
2163
2164
2164
2165
2167
2169
2172
2173
2173
2174
2174
2176
2177
2177
2181
2187
2187
2188
2188
2188
2190
2191
2191
2191
2192
2193
2196
2200
2200
2201
2201
2201
2204
2204
2205
2206
2207
2208
2209
2210
2211
2211
2211
2212
2213
2215
2217
2217
2218
2219
2220
2220
2221
2224
2225
2225
2226
2226
2227
2227
2228
2229
2229
2229
2230
2230
2231
2231
2231
2232
2232
2233
2233
2234
2234
2235
2236
2237
2237
2239
2240
2240
2241
2241
2242
2244
2246
2247
2248
2248
2248
2249
2250
2250
2251
2251
2253
2254
2255
2256
2259
2260
2260
2261
2263
2263
2264
2264
2264
2265
2266
2267
2268
2268
2269
2269
2269
2270
2270
2270
2270
2270
2270
2271
2272
2273
2274
2275
2275
2276
2277
2278
2279
2279
2280
2280
2280
2281
2283
2284
2284
2286
2289
2292
2293
2294
2295
2295
2295
2298
2299
2300
2300
2301
2302
2302
2305
2305
2308
2308
2312
2313
2313
2315
2316
2317
2318
2318
2322
2322
2322
2323
2325
2325
2325
2326
2327
2327
2328
2330
2331
2332
2332
2332
2333
2334
2335
2335
2338
2338
2339
2339
2340
2341
2341
2341
2341
2344
2344
2345
2345
2348
2349
2349
2354
2354
2355
2355
2356
2357
2357
2359
2361
2362
2363
2364
2367
2368
2371
2373
2373
2374
2375
2377
2377
2378
2378
2380
2380
2380
2380
2381
2381
2384
2385
2385
2387
2387
2391
2392
2392
2392
2393
2393
2393
2394
2396
2397
2399
2399
2401
2401
2402
2404
2405
2405
2406
2406
2408
2408
2408
2408
2410
2410
2412
2413
2418
2418
2421
2422
2423
2424
2424
2426
2428
2428
2429
2429
2431
2432
2432
2433
2433
2434
2435
2436
2439
2441
2441
2441
2442
2442
2443
2444
2445
2446
2446
2447
2447
2450
2450
2451
2453
2455
2456
2457
2458
2459
2462
2462
2463
2464
2464
2469
2469
2470
2470
2470
2470
2471
2471
2474
2475
2477
2477
2477
2478
2479
2480
2481
2481
2481
2481
2481
2482
2482
2482
2483
2484
2486
2486
2488
2490
2491
2492
2493
2493
2495
2496
2498
2498
2499
2500
2500
2500
2500
2500
2501
2501
2503
2503
2505
2506
2506
2506
2509
2510
2512
2513
2516
2517
2517
2520
2520
2521
2521
2521
2521
2523
2525
2527
2527
2527
2528
2528
2532
2537
2539
2539
2543
2543
2544
2544
2544
2545
2546
2547
2548
2548
2549
2549
2550
2551
2552
2553
2553
2554
2555
2558
2558
2559
2560
2560
2560
2560
2560
2561
2562
2565
2566
2566
2566
2567
2568
2570
2572
2576
2576
2577
2577
2578
2578
2579
2581
2582
2583
2583
2584
2585
2587
2588
2588
2589
2591
2591
2592
2592
2592
2593
2594
2595
2595
2596
2596
2596
2597
2597
2598
2599
2601
2601
2601
2602
2602
2604
2608
2610
2611
2612
2612
2612
2613
2614
2619
2620
2621
2622
2623
2623
2625
2626
2627
2629
2629
2631
2632
2633
2633
2633
2635
2635
2635
2639
2640
2641
2641
2642
2643
2643
2646
2646
2647
2648
2651
2651
2651
2652
2652
2655
2660
2661
2663
2664
2665
2665
2666
2666
2667
2669
2670
2671
2672
2672
2674
2675
2676
2677
2678
2679
2679
2679
2680
2680
2681
2682
2685
2685
2685
2690
2691
2693
2694
2695
2697
2697
2697
2697
2699
2699
2699
2700
2701
2702
2706
2707
2707
2710
2711
2713
2714
2715
2716
2716
2717
2717
2718
2719
2720
2720
2721
2722
2723
2723
2724
2725
2726
2728
2728
2729
2730
2730
2732
2732
2732
2733
2734
2735
2735
2736
2737
2737
2739
2741
2744
2745
2745
2746
2749
2752
2753
2756
2756
2758
2759
2760
2762
2763
2764
2766
2766
2767
2770
2770
2771
2773
2773
2775
2776
2777
2779
2779
2779
2779
2780
2780
2783
2784
2784
2785
2787
2787
2793
2794
2794
2795
2795
2799
2799
2803
2803
2804
2804
2805
2808
2810
2811
2812
2812
2813
2814
2814
2814
2814
2814
2816
2816
2819
2819
2822
2824
2826
2826
2829
2829
2830
2831
2832
2834
2834
2834
2838
2838
2841
2841
2843
2844
2845
2845
2847
2848
2848
2849
2851
2851
2853
2853
2853
2854
2854
2854
2858
2859
2860
2860
2861
2861
2863
2866
2869
2869
2871
2874
2876
2876
2876
2876
2877
2877
2878
2879
2880
2881
2883
2885
2886
2886
2886
2887
2888
2888
2889
2890
2892
2894
2895
2896
2897
2898
2901
2903
2904
2905
2906
2907
2907
2911
2912
2913
2919
2920
2922
2922
2923
2923
2926
2927
2927
2929
2929
2930
2932
2933
2934
2939
2941
2942
2942
2944
2947
2948
2948
2948
2950
2951
2952
2953
2957
2958
2959
2960
2960
2961
2962
2968
2969
2971
2971
2974
2974
2974
2976
2977
2978
2979
2979
2981
2981
2982
2982
2986
2986
2989
2991
2992
2992
2993
2994
2994
2995
2995
2996
2997
2998
2998
3000
3001
3002
3002
3003
3003
3003
3005
3006
3006
3006
3008
3008
3009
3012
3015
3015
3016
3017
3019
3020
3021
3022
3023
3023
3023
3024
3024
3025
3025
3026
3027
3027
3027
3028
3029
3029
3029
3030
3031
3032
3033
3037
3038
3038
3038
3042
3042
3044
3044
3045
3045
3046
3048
3050
3050
3052
3054
3056
3056
3057
3057
3057
3059
3060
3061
3061
3062
3063
3064
3066
3066
3067
3067
3068
3068
3068
3068
3069
3071
3071
3071
3074
3076
3077
3078
3081
3082
3082
3083
3083
3085
3087
3087
3088
3088
3088
3089
3090
3091
3093
3093
3093
3095
3096
3097
3098
3098
3098
3099
3100
3104
3105
3108
3110
3110
3111
3112
3113
3113
3113
3114
3117
3118
3121
3123
3124
3125
3125
3125
3126
3126
3126
3126
3127
3128
3128
3129
3130
3131
3132
3134
3134
3137
3137
3139
3140
3141
3143
3144
3144
3145
3146
3147
3147
3148
3148
3150
3150
3151
3152
3152
3154
3155
3155
3155
3157
3158
3159
3161
3164
3165
3167
3168
3172
3178
3180
3181
3181
3182
3184
3185
3185
3186
3186
3187
3187
3190
3192
3193
3194
3196
3196
3196
3198
3199
3201
3201
3202
3203
3203
3206
3206
3207
3208
3209
3209
3209
3209
3210
3210
3210
3211
3211
3212
3213
3213
3213
3215
3215
3217
3218
3218
3221
3222
3223
3223
3223
3224
3224
3225
3226
3226
3226
3227
3229
3230
3230
3233
3236
3236
3237
3237
3238
3238
3239
3239
3239
3241
3243
3243
3244
3245
3247
3247
3248
3252
3252
3259
3259
3259
3259
3261
3261
3264
3265
3265
3266
3267
3267
3268
3269
3269
3269
3270
3271
3273
3273
3273
3274
3274
3275
3276
3276
3277
3280
3281
3282
3283
3288
3288
3288
3291
3292
3297
3298
3299
3301
3302
3302
3303
3303
3304
3304
3305
3306
3307
3307
3307
3308
3308
3309
3311
3315
3317
3318
3322
3322
3323
3323
3324
3324
3324
3325
3326
3326
3327
3329
3330
3330
3333
3333
3336
3336
3336
3337
3340
3341
3343
3343
3343
3344
3345
3346
3349
3349
3352
3352
3353
3355
3355
3356
3356
3360
3365
3365
3367
3367
3368
3370
3371
3371
3371
3374
3375
3376
3377
3379
3380
3381
3383
3383
3383
3383
3383
3384
3386
3388
3388
3395
3396
3397
3398
3399
3399
3402
3404
3405
3405
3406
3406
3406
3409
3410
3411
3411
3413
3415
3415
3415
3415
3417
3417
3417
3418
3419
3420
3421
3421
3424
3425
3426
3426
3426
3426
3426
3426
3428
3430
3430
3431
3431
3431
3431
3432
3435
3435
3436
3436
3437
3439
3441
3442
3447
3448
3449
3449
3450
3451
3454
3454
3454
3459
3459
3460
3460
3461
3462
3463
3466
3468
3469
3471
3473
3473
3474
3475
3476
3476
3476
3477
3478
3478
3479
3480
3481
3482
3483
3486
3486
3486
3487
3488
3489
3491
3492
3494
3497
3499
3499
3499
3499
3502
3503
3504
3505
3505
3507
3508
3509
3510
3511
3514
3516
3517
3520
3520
3523
3523
3531
3531
3531
3532
3533
3533
3534
3536
3536
3537
3538
3540
3540
3542
3542
3543
3544
3545
3546
3546
3546
3546
3546
3548
3548
3549
3550
3551
3552
3552
3552
3554
3554
3556
3557
3561
3563
3565
3565
3565
3567
3568
3568
3569
3569
3569
3570
3571
3574
3576
3576
3578
3580
3580
3581
3584
3584
3584
3586
3588
3589
3589
3591
3591
3592
3592
3592
3592
3594
3594
3594
3594
3595
3595
3596
3600
3601
3602
3603
3604
3604
3605
3606
3610
3612
3613
3615
3616
3618
3619
3620
3621
3623
3623
3624
3626
3626
3626
3626
3629
3630
3631
3632
3633
3633
3634
3635
3635
3636
3637
3637
3638
3639
3639
3640
3640
3642
3644
3645
3645
3646
3648
3649
3649
3650
3652
3654
3656
3659
3660
3660
3661
3663
3663
3663
3664
3668
3670
3674
3674
3674
3675
3675
3676
3676
3679
3680
3683
3686
3686
3689
3690
3691
3691
3692
3693
3693
3693
3694
3694
3694
3694
3695
3696
3696
3698
3699
3699
3699
3703
3704
3704
3709
3709
3710
3711
3712
3713
3713
3722
3723
3723
3724
3724
3725
3730
3730
3732
3736
3736
3736
3738
3738
3739
3739
3740
3741
3741
3743
3743
3744
3745
3745
3746
3747
3747
3748
3750
3751
3751
3752
3754
3756
3757
3759
3760
3761
3761
3762
3762
3762
3762
3763
3764
3766
3767
3767
3769
3769
3769
3771
3773
3773
3778
3779
3780
3781
3781
3782
3783
3784
3784
3785
3787
3787
3787
3788
3791
3791
3793
3793
3794
3794
3795
3797
3799
3800
3801
3802
3804
3805
3806
3806
3807
3808
3811
3811
3812
3812
3812
3813
3813
3814
3815
3815
3817
3818
3819
3820
3820
3821
3823
3823
3824
3825
3825
3826
3826
3827
3827
3828
3828
3828
3828
3829
3830
3831
3832
3833
3833
3834
3836
3836
3839
3840
3841
3842
3843
3843
3843
3844
3846
3846
3847
3850
3850
3852
3853
3854
3855
3855
3855
3855
3857
3858
3859
3859
3859
3859
3859
3861
3862
3862
3862
3863
3864
3865
3865
3865
3867
3868
3872
3873
3875
3875
3876
3877
3877
3879
3879
3880
3881
3885
3886
3887
3887
3887
3888
3889
3889
3891
3891
3893
3894
3894
3894
3895
3897
3899
3900
3901
3901
3901
3902
3902
3902
3903
3903
3903
3905
3907
3908
3909
3909
3911
3911
3912
3913
3914
3919
3919
3923
3924
3924
3926
3929
3929
3929
3930
3930
3931
3932
3932
3933
3935
3935
3936
3937
3938
3940
3940
3942
3942
3943
3943
3943
3944
3944
3946
3948
3948
3949
3951
3952
3952
3953
3955
3956
3957
3959
3960
3960
3962
3963
3964
3965
3966
3967
3968
3968
3969
3970
3972
3974
3976
3978
3980
3981
3982
3984
3986
3986
3987
3991
3992
3992
3993
3993
3998
3999
4000
4002
4003
4004
4004
4007
4009
4009
4010
4015
4017
4018
4018
4019
4019
4019
4019
4020
4020
4021
4024
4026
4026
4027
4028
4029
4029
4030
4030
4032
4033
4034
4035
4035
4037
4042
4043
4044
4045
4046
4049
4049
4051
4052
4052
4054
4054
4054
4055
4056
4056
4057
4059
4059
4059
4060
4061
4061
4061
4061
4062
4062
4063
4063
4066
4067
4068
4071
4071
4071
4071
4072
4072
4073
4074
4074
4075
4076
4076
4077
4077
4077
4080
4082
4082
4084
4084
4084
4086
4088
4088
4089
4090
4091
4093
4094
4094
4096
4096
4096
4097
4097
4098
4099
4100
4102
4103
4104
4106
4108
4108
4109
4110
4111
4111
4112
4112
4112
4114
4115
4118
4118
4119
4120
4121
4123
4124
4127
4130
4131
4132
4133
4133
4134
4134
4135
4135
4135
4136
4137
4137
4139
4139
4142
4142
4144
4145
4145
4146
4149
4150
4150
4152
4152
4153
4153
4155
4155
4156
4156
4158
4159
4159
4159
4160
4160
4161
4162
4162
4162
4163
4164
4164
4166
4167
4168
4169
4169
4170
4170
4171
4171
4173
4173
4174
4176
4176
4177
4177
4178
4178
4179
4181
4181
4182
4184
4184
4185
4186
4189
4190
4191
4194
4196
4197
4198
4198
4200
4201
4201
4202
4202
4202
4202
4204
4204
4204
4205
4205
4208
4209
4210
4210
4213
4214
4215
4216
4217
4217
4217
4218
4219
4220
4221
4222
4222
4222
4222
4223
4223
4224
4225
4226
4227
4228
4229
4229
4230
4232
4233
4234
4235
4235
4236
4236
4238
4239
4241
4241
4241
4242
4243
4243
4243
4243
4243
4244
4244
4247
4248
4250
4252
4253
4254
4254
4256
4256
4261
4264
4264
4265
4265
4266
4267
4268
4268
4268
4270
4270
4274
4275
4275
4279
4280
4282
4283
4283
4283
4284
4285
4285
4287
4287
4287
4289
4289
4290
4291
4292
4293
4293
4293
4293
4294
4294
4294
4295
4295
4295
4297
4297
4297
4297
4298
4298
4301
4302
4302
4304
4304
4304
4304
4307
4307
4308
4308
4309
4310
4311
4311
4311
4316
4316
4320
4320
4323
4323
4323
4323
4323
4323
4327
4327
4329
4330
4330
4331
4333
4334
4334
4334
4335
4335
4338
4338
4340
4341
4344
4344
4345
4345
4346
4346
4346
4350
4352
4352
4354
4355
4356
4356
4356
4357
4357
4358
4359
4359
4359
4360
4360
4363
4363
4364
4365
4366
4366
4366
4367
4367
4367
4368
4369
4369
4372
4373
4374
4374
4374
4376
4376
4377
4377
4380
4381
4381
4381
4383
4383
4384
4388
4390
4390
4390
4390
4390
4390
4390
4391
4391
4392
4394
4395
4395
4396
4397
4399
4400
4400
4400
4402
4402
4404
4405
4405
4406
4406
4407
4408
4408
4408
4409
4409
4411
4411
4415
4415
4416
4416
4417
4418
4419
4421
4426
4427
4427
4431
4431
4431
4432
4435
4435
4435
4435
4436
4436
4437
4437
4438
4439
4439
4439
4439
4440
4440
4441
4441
4442
4443
4445
4445
4446
4446
4451
4451
4452
4453
4455
4455
4455
4459
4460
4460
4461
4463
4463
4463
4464
4464
4465
4466
4467
4469
4469
4472
4473
4473
4473
4477
4477
4478
4478
4480
4480
4481
4482
4482
4484
4484
4486
4487
4487
4487
4489
4489
4489
4489
4493
4493
4494
4495
4495
4495
4496
4497
4498
4499
4500
4501
4502
4506
4506
4507
4507
4510
4510
4511
4513
4514
4514
4515
4515
4515
4515
4517
4517
4519
4520
4521
4521
4521
4523
4524
4528
4528
4531
4532
4532
4532
4533
4533
4535
4535
4536
4539
4541
4541
4542
4544
4544
4546
4546
4547
4551
4551
4552
4553
4554
4554
4558
4558
4560
4564
4567
4570
4571
4571
4572
4572
4574
4574
4576
4576
4578
4579
4579
4581
4583
4586
4587
4587
4588
4588
4588
4589
4592
4592
4593
4595
4596
4597
4597
4598
4598
4598
4599
4601
4601
4602
4603
4604
4604
4606
4607
4607
4609
4609
4614
4614
4614
4615
4618
4619
4619
4620
4623
4623
4623
4626
4626
4626
4626
4627
4628
4628
4629
4629
4629
4629
4631
4632
4633
4634
4636
4636
4637
4638
4638
4638
4642
4644
4644
4645
4649
4649
4650
4650
4650
4651
4652
4654
4656
4659
4659
4661
4664
4665
4670
4670
4670
4672
4674
4676
4676
4676
4677
4678
4679
4679
4680
4680
4680
4680
4681
4682
4685
4686
4687
4689
4692
4693
4694
4694
4694
4694
4695
4695
4695
4698
4698
4702
4704
4705
4705
4705
4707
4709
4709
4710
4713
4715
4716
4716
4717
4718
4719
4719
4720
4722
4722
4722
4723
4725
4725
4728
4729
4729
4730
4730
4732
4733
4733
4733
4737
4737
4737
4739
4739
4740
4741
4745
4746
4746
4746
4746
4747
4747
4748
4748
4748
4748
4749
4751
4751
4752
4752
4753
4754
4756
4756
4757
4758
4758
4758
4759
4759
4760
4760
4762
4762
4763
4765
4765
4767
4771
4771
4772
4772
4773
4774
4778
4779
4779
4780
4781
4783
4784
4785
4785
4786
4786
4786
4788
4790
4791
4792
4792
4792
4793
4793
4795
4795
4797
4797
4798
4799
4799
4800
4802
4802
4804
4809
4811
4811
4812
4813
4815
4816
4817
4817
4820
4820
4825
4825
4826
4826
4826
4827
4832
4833
4835
4835
4835
4837
4838
4840
4840
4841
4841
4842
4845
4845
4847
4847
4848
4852
4852
4853
4853
4853
4854
4856
4857
4858
4859
4860
4860
4860
4864
4864
4866
4867
4870
4872
4873
4873
4873
4873
4874
4875
4876
4877
4880
4880
4884
4885
4885
4886
4887
4887
4889
4893
4893
4893
4895
4896
4897
4897
4898
4900
4901
4902
4902
4903
4906
4906
4909
4911
4913
4916
4919
4919
4920
4921
4922
4923
4923
4923
4923
4924
4926
4930
4931
4932
4932
4934
4934
4934
4937
4937
4938
4938
4939
4940
4942
4942
4943
4944
4945
4945
4947
4947
4947
4949
4949
4950
4953
4953
4954
4955
4955
4956
4957
4957
4958
4958
4959
4959
4961
4963
4963
4964
4964
4966
4967
4967
4967
4968
4969
4969
4970
4970
4972
4972
4972
4972
4973
4976
4979
4980
4980
4982
4982
4984
4984
4985
4985
4986
4986
4990
4993
4994
4995
4996
4996
4998
4999
4999
5000
5001
5001
5001
5002
5002
5002
5003
5006
5008
5008
5009
5010
5013
5013
5016
5017
5018
5018
5019
5021
5021
5022
5023
5025
5026
5027
5028
5028
5031
5031
5033
5033
5034
5034
5036
5038
5041
5042
5043
5045
5046
5047
5047
5050
5053
5055
5056
5060
5063
5063
5063
5064
5065
5065
5066
5066
5067
5069
5069
5070
5071
5072
5073
5073
5074
5074
5075
5076
5076
5077
5079
5080
5080
5080
5081
5082
5082
5083
5083
5084
5085
5086
5087
5088
5089
5089
5089
5089
5089
5092
5092
5093
5094
5095
5097
5099
5099
5102
5104
5104
5104
5106
5107
5107
5107
5108
5110
5110
5110
5111
5112
5114
5115
5115
5116
5117
5117
5117
5117
5118
5118
5120
5120
5121
5122
5122
5122
5123
5123
5126
5126
5127
5128
5128
5129
5132
5132
5133
5133
5138
5138
5139
5140
5141
5142
5142
5145
5145
5149
5150
5153
5154
5156
5156
5157
5157
5160
5162
5162
5163
5163
5166
5166
5167
5169
5173
5174
5174
5176
5177
5180
5180
5180
5182
5182
5184
5185
5185
5186
5187
5190
5190
5191
5194
5194
5194
5195
5196
5196
5197
5199
5199
5203
5203
5204
5204
5204
5204
5205
5206
5206
5206
5207
5209
5210
5211
5211
5212
5212
5218
5218
5219
5219
5221
5223
5224
5225
5226
5226
5229
5229
5230
5231
5232
5235
5237
5237
5239
5239
5240
5241
5243
5244
5244
5244
5245
5245
5249
5250
5251
5251
5254
5255
5256
5259
5260
5260
5260
5262
5262
5262
5263
5264
5264
5265
5266
5267
5267
5267
5268
5269
5269
5269
5271
5272
5272
5272
5273
5274
5275
5276
5278
5278
5278
5280
5281
5286
5286
5287
5289
5290
5290
5291
5291
5291
5291
5292
5293
5295
5296
5298
5299
5300
5301
5303
5304
5307
5307
5310
5311
5311
5311
5312
5312
5313
5315
5317
5318
5318
5320
5320
5320
5321
5321
5322
5323
5326
5327
5328
5328
5328
5329
5329
5331
5332
5333
5333
5333
5334
5335
5337
5339
5339
5339
5340
5340
5340
5342
5343
5343
5343
5343
5344
5345
5345
5345
5345
5345
5346
5347
5347
5348
5348
5348
5348
5348
5350
5350
5350
5351
5351
5352
5352
5352
5354
5354
5354
5355
5357
5358
5360
5362
5362
5363
5365
5366
5368
5373
5375
5375
5376
5379
5379
5379
5380
5384
5385
5388
5388
5391
5392
5393
5397
5397
5400
5401
5406
5407
5408
5409
5409
5409
5410
5411
5411
5412
5413
5413
5414
5415
5415
5418
5419
5419
5420
5422
5423
5426
5429
5430
5432
5432
5433
5433
5434
5437
5439
5439
5441
5442
5444
5444
5444
5445
5446
5447
5448
5451
5451
5451
5453
5454
5454
5454
5454
5455
5456
5457
5457
5458
5458
5458
5459
5459
5459
5460
5460
5461
5461
5462
5463
5465
5465
5466
5466
5466
5467
5467
5467
5468
5470
5470
5472
5472
5473
5475
5476
5477
5477
5479
5479
5481
5482
5483
5483
5485
5488
5489
5489
5489
5489
5491
5492
5493
5493
5494
5494
5495
5495
5496
5496
5498
5499
5499
5500
5501
5503
5504
5504
5504
5504
5505
5505
5506
5508
5508
5509
5509
5511
5513
5514
5515
5518
5518
5519
5522
5523
5526
5527
5530
5530
5530
5531
5531
5532
5532
5533
5535
5536
5537
5538
5539
5540
5540
5540
5540
5541
5541
5542
5544
5545
5546
5547
5547
5549
5549
5549
5554
5555
5555
5556
5557
5557
5557
5558
5558
5560
5561
5561
5562
5563
5563
5563
5565
5565
5565
5566
5569
5570
5570
5572
5575
5575
5576
5579
5579
5580
5586
5589
5590
5591
5591
5594
5594
5595
5596
5596
5596
5598
5598
5598
5600
5602
5604
5604
5605
5607
5609
5609
5609
5610
5613
5615
5617
5617
5618
5619
5620
5620
5623
5623
5623
5624
5624
5624
5625
5626
5627
5628
5630
5631
5632
5632
5637
5638
5638
5639
5640
5640
5641
5645
5646
5647
5649
5649
5650
5651
5651
5652
5659
5660
5661
5662
5663
5664
5666
5667
5669
5669
5670
5670
5670
5672
5672
5676
5678
5678
5680
5680
5683
5683
5683
5686
5686
5688
5689
5690
5691
5691
5692
5693
5693
5695
5695
5696
5698
5698
5701
5701
5701
5702
5702
5702
5707
5708
5710
5710
5710
5711
5711
5711
5712
5712
5713
5716
5716
5716
5717
5718
5718
5720
5720
5724
5728
5728
5729
5730
5730
5731
5732
5732
5732
5736
5736
5737
5740
5742
5742
5746
5746
5746
5747
5749
5751
5751
5751
5752
5753
5756
5757
5757
5757
5758
5759
5761
5762
5764
5765
5767
5768
5768
5769
5769
5770
5770
5771
5772
5773
5773
5773
5774
5775
5775
5776
5777
5778
5779
5779
5780
5782
5782
5783
5786
5787
5788
5790
5791
5791
5792
5796
5797
5800
5800
5801
5801
5801
5807
5809
5811
5812
5812
5815
5815
5815
5816
5816
5817
5817
5817
5817
5820
5822
5823
5824
5826
5826
5828
5828
5828
5829
5830
5830
5831
5831
5833
5833
5834
5835
5837
5838
5840
5840
5840
5842
5842
5844
5845
5845
5845
5849
5851
5854
5854
5856
5856
5857
5858
5859
5859
5860
5862
5862
5862
5862
5863
5864
5865
5865
5866
5866
5868
5868
5868
5869
5869
5869
5870
5871
5872
5872
5873
5874
5875
5875
5876
5876
5876
5878
5879
5883
5885
5886
5887
5887
5889
5889
5889
5892
5892
5893
5893
5896
5897
5897
5900
5902
5902
5902
5904
5905
5906
5907
5907
5907
5908
5908
5912
5915
5915
5916
5916
5917
5918
5918
5919
5921
5921
5922
5926
5927
5928
5928
5928
5929
5933
5934
5938
5939
5940
5940
5944
5945
5945
5947
5952
5952
5953
5953
5955
5955
5956
5956
5956
5957
5958
5959
5960
5961
5962
5963
5963
5964
5965
5966
5968
5969
5971
5972
5973
5973
5973
5974
5975
5975
5976
5976
5981
5981
5983
5983
5984
5986
5988
5990
5991
5993
5993
5994
5994
5995
5995
5996
5997
5997
6000
6000
6001
6002
6004
6005
6006
6008
6008
6009
6009
6009
6010
6013
6015
6016
6016
6016
6018
6021
6021
6021
6022
6022
6023
6023
6023
6025
6029
6029
6030
6030
6031
6032
6033
6034
6034
6035
6037
6038
6038
6038
6039
6039
6039
6040
6040
6040
6042
6043
6046
6046
6047
6049
6052
6053
6053
6054
6054
6057
6058
6059
6059
6060
6061
6061
6062
6062
6064
6065
6065
6066
6067
6067
6070
6072
6074
6075
6075
6077
6079
6080
6080
6083
6086
6086
6087
6087
6089
6091
6091
6092
6092
6093
6095
6096
6097
6098
6099
6100
6101
6102
6102
6103
6103
6105
6106
6108
6109
6110
6112
6113
6114
6114
6114
6115
6118
6120
6120
6120
6120
6122
6122
6124
6124
6125
6127
6127
6127
6127
6128
6129
6129
6129
6130
6130
6130
6131
6132
6132
6136
6137
6137
6138
6138
6139
6141
6143
6144
6146
6147
6148
6149
6149
6152
6155
6155
6155
6155
6157
6158
6159
6160
6165
6166
6166
6166
6167
6167
6167
6168
6169
6171
6171
6171
6172
6172
6174
6175
6175
6176
6179
6182
6182
6182
6184
6184
6184
6186
6186
6187
6188
6188
6189
6189
6189
6191
6192
6193
6193
6194
6198
6198
6199
6200
6201
6201
6201
6202
6202
6203
6204
6204
6204
6204
6207
6207
6207
6208
6208
6214
6214
6215
6215
6217
6217
6219
6221
6228
6230
6230
6232
6235
6236
6236
6237
6237
6237
6238
6241
6244
6246
6248
6248
6251
6251
6253
6253
6253
6253
6253
6256
6257
6258
6259
6260
6260
6263
6264
6264
6264
6265
6265
6265
6267
6267
6268
6268
6269
6269
6269
6270
6272
6274
6275
6277
6277
6278
6279
6280
6281
6282
6283
6283
6285
6286
6287
6289
6291
6291
6291
6295
6295
6295
6295
6297
6297
6297
6297
6298
6299
6299
6299
6299
6301
6302
6304
6305
6306
6307
6308
6309
6309
6312
6314
6314
6316
6316
6316
6318
6319
6319
6320
6322
6322
6325
6325
6326
6327
6328
6330
6330
6333
6334
6334
6335
6335
6335
6336
6336
6337
6337
6337
6339
6340
6340
6340
6342
6343
6346
6347
6348
6349
6349
6349
6354
6355
6355
6355
6357
6357
6357
6357
6358
6358
6359
6359
6361
6362
6362
6362
6363
6363
6364
6366
6367
6369
6369
6371
6373
6375
6378
6383
6383
6386
6387
6388
6389
6389
6390
6390
6391
6392
6392
6394
6395
6396
6399
6399
6401
6401
6403
6404
6405
6406
6407
6409
6409
6409
6411
6411
6414
6414
6414
6416
6416
6418
6418
6419
6419
6419
6420
6424
6425
6425
6425
6427
6428
6428
6428
6430
6431
6432
6432
6433
6434
6435
6436
6436
6437
6437
6438
6439
6440
6441
6443
6444
6444
6445
6445
6447
6448
6453
6454
6454
6455
6455
6455
6456
6457
6458
6459
6459
6460
6460
6460
6462
6462
6466
6467
6467
6470
6471
6472
6474
6475
6475
6476
6477
6477
6478
6478
6482
6483
6484
6484
6484
6485
6485
6486
6488
6488
6489
6489
6491
6492
6494
6494
6495
6495
6495
6495
6495
6496
6498
6499
6499
6499
6500
6501
6502
6503
6504
6505
6506
6509
6510
6511
6512
6517
6517
6518
6518
6518
6519
6520
6525
6526
6527
6528
6528
6529
6530
6531
6533
6533
6533
6534
6534
6534
6534
6537
6538
6538
6538
6539
6539
6541
6542
6542
6542
6543
6543
6544
6545
6545
6549
6550
6551
6552
6552
6553
6554
6557
6559
6560
6564
6565
6566
6567
6567
6567
6568
6569
6574
6574
6575
6576
6578
6581
6583
6584
6584
6584
6585
6586
6586
6587
6587
6587
6587
6588
6589
6590
6590
6592
6592
6593
6594
6595
6596
6597
6597
6598
6598
6600
6601
6602
6603
6604
6605
6605
6606
6606
6606
6609
6610
6610
6610
6612
6612
6613
6613
6614
6614
6617
6617
6618
6618
6619
6620
6621
6621
6622
6623
6623
6623
6624
6624
6625
6626
6626
6626
6628
6628
6628
6630
6630
6633
6633
6633
6634
6635
6635
6638
6639
6639
6639
6640
6642
6643
6645
6648
6648
6649
6651
6652
6653
6655
6657
6659
6659
6661
6662
6663
6664
6665
6666
6667
6667
6667
6668
6668
6669
6671
6672
6676
6677
6680
6683
6684
6685
6685
6686
6686
6687
6688
6688
6689
6690
6690
6691
6692
6693
6693
6695
6695
6696
6698
6699
6702
6702
6702
6704
6704
6704
6707
6707
6707
6709
6710
6711
6712
6713
6713
6716
6718
6718
6719
6719
6720
6721
6721
6722
6724
6724
6724
6725
6726
6726
6726
6726
6727
6730
6732
6733
6733
6733
6734
6734
6734
6735
6737
6737
6737
6738
6739
6740
6740
6740
6741
6742
6746
6749
6751
6751
6752
6752
6752
6753
6753
6754
6759
6759
6760
6761
6761
6761
6761
6762
6762
6764
6766
6767
6768
6769
6769
6769
6770
6770
6771
6775
6775
6779
6779
6781
6781
6782
6782
6782
6783
6784
6784
6785
6785
6786
6788
6789
6789
6789
6789
6793
6793
6793
6795
6795
6795
6796
6797
6797
6799
6799
6800
6800
6801
6801
6804
6807
6807
6809
6809
6812
6812
6814
6815
6816
6819
6819
6821
6822
6822
6823
6823
6824
6825
6825
6828
6829
6831
6832
6835
6835
6835
6836
6836
6837
6839
6844
6846
6847
6847
6848
6848
6849
6849
6849
6850
6851
6851
6851
6854
6856
6857
6857
6858
6860
6864
6866
6866
6867
6867
6870
6872
6874
6875
6876
6877
6878
6881
6881
6881
6882
6883
6884
6885
6885
6885
6886
6891
6894
6894
6895
6896
6897
6897
6898
6898
6900
6900
6901
6902
6905
6906
6908
6910
6910
6911
6912
6913
6913
6914
6914
6915
6916
6916
6916
6916
6917
6917
6917
6919
6920
6921
6921
6921
6921
6924
6925
6925
6926
6926
6928
6928
6929
6931
6931
6931
6932
6933
6933
6933
6933
6935
6935
6936
6937
6937
6939
6939
6940
6940
6940
6940
6940
6941
6941
6944
6945
6946
6948
6951
6952
6954
6955
6956
6960
6961
6962
6965
6966
6967
6969
6971
6972
6973
6974
6974
6975
6975
6976
6976
6977
6977
6977
6978
6981
6981
6982
6982
6982
6982
6983
6985
6985
6985
6986
6987
6991
6991
6993
6993
6993
6994
6995
6995
6995
6996
6998
6999
6999
7000
7001
7001
7002
7003
7003
7004
7007
7009
7010
7010
7010
7011
7011
7012
7013
7015
7015
7016
7016
7019
7019
7019
7020
7020
7020
7021
7023
7024
7024
7024
7024
7025
7025
7026
7031
7033
7033
7034
7035
7035
7037
7037
7041
7041
7042
7044
7044
7046
7047
7047
7047
7047
7052
7052
7055
7056
7056
7057
7059
7061
7061
7061
7063
7064
7065
7065
7068
7068
7068
7068
7068
7072
7075
7077
7078
7078
7079
7079
7082
7082
7083
7083
7083
7083
7084
7084
7086
7086
7086
7086
7087
7087
7087
7087
7088
7088
7090
7090
7092
7092
7094
7094
7095
7096
7096
7096
7097
7101
7101
7101
7102
7102
7106
7106
7107
7108
7109
7109
7110
7110
7111
7111
7112
7114
7114
7115
7115
7115
7116
7117
7117
7119
7119
7121
7126
7126
7127
7127
7128
7129
7129
7131
7131
7131
7132
7136
7139
7142
7143
7143
7144
7144
7145
7147
7148
7149
7149
7150
7151
7152
7152
7152
7153
7153
7153
7154
7154
7154
7154
7156
7156
7158
7158
7159
7160
7161
7161
7161
7162
7162
7163
7163
7163
7164
7165
7165
7166
7166
7167
7168
7169
7170
7171
7173
7173
7175
7175
7176
7177
7179
7180
7180
7180
7181
7184
7185
7186
7186
7186
7186
7188
7188
7189
7190
7190
7191
7192
7192
7194
7195
7195
7195
7198
7200
7201
7205
7207
7207
7208
7210
7211
7211
7213
7214
7216
7217
7218
7219
7220
7228
7228
7229
7230
7230
7230
7231
7232
7232
7233
7235
7236
7237
7237
7239
7239
7239
7240
7242
7244
7246
7246
7250
7251
7252
7253
7253
7254
7254
7254
7256
7258
7259
7259
7260
7260
7260
7260
7260
7262
7263
7265
7265
7266
7266
7266
7267
7268
7269
7269
7271
7273
7274
7274
7275
7276
7276
7278
7279
7279
7279
7280
7281
7282
7284
7285
7287
7289
7294
7294
7296
7296
7296
7299
7299
7300
7300
7300
7301
7301
7301
7301
7303
7305
7305
7305
7306
7309
7311
7311
7313
7313
7313
7315
7315
7315
7316
7316
7316
7318
7318
7319
7319
7321
7321
7323
7325
7326
7327
7328
7329
7329
7330
7331
7331
7332
7332
7334
7335
7335
7335
7337
7337
7338
7339
7339
7341
7341
7343
7344
7346
7350
7350
7358
7359
7360
7360
7363
7363
7363
7365
7365
7366
7371
7372
7373
7374
7376
7377
7379
7380
7381
7382
7382
7386
7388
7389
7389
7390
7392
7392
7393
7394
7394
7396
7398
7398
7398
7400
7402
7403
7405
7407
7407
7409
7409
7410
7413
7415
7416
7418
7423
7424
7426
7427
7428
7430
7430
7431
7431
7434
7436
7437
7438
7438
7438
7440
7443
7446
7446
7447
7447
7449
7451
7451
7451
7451
7451
7451
7453
7456
7456
7456
7458
7460
7461
7461
7462
7463
7463
7463
7463
7463
7464
7466
7466
7467
7468
7468
7468
7469
7469
7471
7472
7474
7474
7477
7477
7478
7478
7478
7479
7481
7481
7481
7483
7486
7487
7488
7489
7489
7491
7492
7492
7494
7494
7495
7495
7497
7498
7499
7500
7500
7500
7501
7503
7504
7505
7506
7508
7510
7512
7512
7513
7513
7513
7513
7514
7514
7514
7515
7516
7517
7518
7518
7520
7522
7522
7522
7522
7524
7524
7524
7526
7526
7527
7528
7528
7528
7529
7529
7530
7530
7531
7531
7533
7534
7534
7534
7540
7541
7542
7543
7544
7546
7546
7546
7547
7548
7549
7549
7550
7550
7551
7553
7553
7553
7557
7558
7559
7561
7562
7563
7563
7564
7565
7565
7566
7567
7567
7570
7570
7571
7572
7573
7574
7575
7579
7583
7583
7583
7584
7584
7584
7584
7587
7588
7589
7592
7592
7594
7594
7595
7595
7595
7596
7596
7597
7597
7598
7599
7601
7603
7604
7604
7604
7604
7606
7606
7607
7608
7609
7610
7612
7613
7613
7613
7614
7617
7618
7618
7618
7619
7620
7621
7622
7626
7628
7628
7628
7631
7632
7632
7633
7634
7635
7635
7636
7636
7636
7637
7638
7639
7641
7641
7642
7642
7643
7644
7645
7646
7646
7647
7648
7649
7650
7650
7651
7653
7653
7653
7654
7654
7655
7655
7658
7658
7659
7660
7661
7663
7663
7663
7664
7665
7665
7666
7667
7667
7669
7669
7670
7670
7671
7673
7677
7677
7678
7679
7680
7681
7683
7683
7686
7687
7689
7689
7691
7692
7693
7694
7695
7695
7696
7696
7697
7697
7698
7698
7699
7700
7702
7702
7702
7703
7703
7703
7704
7704
7705
7705
7705
7706
7709
7710
7710
7711
7712
7714
7715
7716
7716
7716
7717
7719
7719
7720
7721
7721
7721
7722
7725
7726
7728
7728
7728
7728
7736
7737
7737
7738
7738
7738
7739
7741
7742
7742
7743
7744
7745
7745
7746
7748
7749
7750
7751
7751
7753
7753
7754
7755
7758
7759
7761
7761
7761
7761
7761
7762
7764
7764
7765
7769
7774
7774
7774
7776
7777
7780
7781
7781
7785
7786
7786
7788
7788
7788
7789
7791
7792
7792
7794
7796
7796
7799
7799
7801
7801
7802
7804
7804
7805
7806
7807
7808
7808
7808
7809
7811
7811
7811
7812
7814
7815
7815
7815
7816
7817
7817
7818
7819
7819
7819
7819
7820
7820
7823
7823
7824
7829
7830
7833
7834
7836
7838
7839
7841
7841
7842
7842
7844
7847
7850
7851
7851
7854
7854
7856
7856
7857
7858
7859
7859
7860
7861
7862
7863
7863
7865
7865
7865
7865
7866
7866
7867
7867
7868
7870
7874
7876
7876
7877
7879
7879
7880
7881
7883
7884
7885
7886
7887
7887
7891
7891
7892
7892
7894
7894
7894
7895
7895
7898
7899
7899
7899
7899
7900
7900
7902
7903
7906
7906
7907
7908
7908
7909
7910
7910
7911
7911
7912
7914
7914
7915
7916
7917
7920
7922
7923
7928
7928
7929
7929
7930
7932
7933
7934
7934
7936
7937
7937
7937
7938
7940
7940
7940
7943
7943
7944
7945
7946
7948
7948
7948
7949
7950
7950
7950
7951
7951
7954
7955
7955
7956
7957
7957
7958
7960
7960
7961
7962
7963
7963
7964
7964
7966
7968
7968
7968
7970
7970
7971
7973
7973
7974
7975
7976
7977
7977
7977
7979
7979
7981
7981
7981
7981
7982
7982
7983
7983
7985
7985
7987
7987
7988
7990
7994
7995
7995
7999
8000
8000
8001
8001
8003
8004
8005
8005
8007
8009
8009
8009
8009
8011
8012
8012
8013
8014
8015
8016
8016
8017
8017
8017
8018
8019
8020
8022
8023
8023
8026
8027
8027
8027
8028
8029
8030
8030
8030
8031
8031
8031
8032
8034
8034
8034
8034
8034
8035
8035
8036
8037
8040
8041
8043
8044
8044
8045
8046
8047
8047
8048
8048
8048
8050
8053
8054
8057
8057
8058
8060
8061
8062
8062
8063
8063
8065
8066
8066
8067
8067
8068
8068
8069
8070
8077
8078
8080
8083
8083
8084
8084
8084
8086
8086
8086
8088
8088
8088
8090
8091
8091
8091
8092
8094
8094
8095
8095
8096
8099
8100
8100
8100
8102
8104
8107
8109
8109
8110
8112
8112
8113
8113
8113
8113
8114
8114
8114
8114
8115
8115
8117
8119
8120
8120
8125
8126
8126
8129
8129
8131
8132
8133
8133
8134
8134
8134
8134
8134
8134
8134
8135
8138
8138
8139
8139
8139
8140
8140
8141
8141
8141
8142
8142
8143
8144
8144
8144
8145
8145
8146
8147
8147
8147
8147
8148
8148
8148
8148
8149
8151
8151
8152
8153
8153
8153
8154
8154
8155
8156
8156
8156
8156
8164
8167
8168
8168
8169
8170
8171
8171
8174
8175
8175
8175
8176
8177
8178
8178
8178
8179
8180
8182
8183
8184
8184
8184
8185
8187
8187
8187
8188
8188
8188
8188
8190
8191
8191
8192
8194
8195
8195
8197
8198
8198
8199
8200
8200
8202
8203
8204
8207
8208
8211
8213
8214
8214
8216
8217
8218
8219
8219
8220
8221
8221
8222
8223
8224
8224
8226
8227
8228
8228
8230
8231
8233
8234
8235
8235
8236
8236
8236
8237
8237
8237
8239
8239
8244
8245
8246
8246
8247
8249
8250
8250
8250
8251
8257
8262
8262
8266
8267
8267
8268
8269
8271
8272
8272
8272
8273
8274
8275
8276
8277
8278
8279
8279
8280
8281
8281
8283
8283
8283
8285
8285
8285
8285
8287
8288
8288
8288
8290
8290
8292
8292
8293
8296
8297
8299
8299
8302
8303
8304
8308
8310
8311
8312
8312
8314
8317
8319
8321
8321
8323
8323
8324
8326
8327
8328
8329
8330
8330
8331
8335
8335
8337
8339
8340
8340
8341
8341
8341
8342
8342
8343
8344
8346
8347
8348
8348
8348
8348
8348
8349
8350
8351
8351
8352
8352
8353
8354
8354
8355
8357
8359
8360
8360
8361
8362
8362
8363
8363
8364
8365
8366
8366
8367
8369
8372
8374
8377
8379
8379
8380
8380
8381
8382
8382
8383
8383
8383
8385
8387
8389
8389
8390
8391
8394
8394
8395
8395
8395
8396
8397
8398
8401
8401
8402
8402
8404
8404
8405
8408
8409
8409
8410
8412
8412
8414
8414
8415
8415
8418
8418
8418
8419
8419
8419
8419
8420
8420
8421
8422
8422
8424
8424
8424
8424
8425
8425
8425
8425
8426
8428
8430
8431
8433
8434
8434
8434
8436
8437
8437
8437
8437
8439
8441
8442
8442
8442
8443
8444
8445
8446
8446
8447
8448
8449
8449
8449
8450
8451
8451
8455
8455
8456
8457
8458
8458
8458
8461
8466
8466
8467
8468
8468
8468
8469
8472
8474
8474
8475
8475
8475
8476
8477
8478
8478
8480
8481
8482
8483
8485
8486
8488
8488
8489
8490
8491
8493
8493
8495
8495
8496
8496
8497
8497
8500
8500
8500
8502
8503
8504
8504
8504
8505
8505
8506
8507
8507
8509
8509
8510
8510
8510
8513
8515
8515
8517
8517
8519
8519
8519
8522
8522
8524
8525
8525
8527
8528
8528
8528
8529
8530
8531
8532
8533
8534
8534
8535
8535
8537
8537
8537
8539
8539
8539
8539
8540
8541
8542
8542
8543
8543
8543
8543
8545
8545
8545
8549
8550
8550
8551
8551
8552
8552
8555
8555
8556
8557
8558
8560
8560
8561
8561
8561
8562
8562
8563
8563
8563
8563
8564
8564
8564
8565
8567
8567
8569
8570
8570
8571
8572
8575
8576
8576
8578
8579
8583
8583
8584
8585
8586
8586
8586
8586
8586
8587
8588
8590
8590
8591
8591
8591
8591
8592
8592
8593
8593
8593
8595
8596
8596
8597
8599
8603
8606
8606
8606
8607
8607
8609
8611
8611
8611
8612
8612
8617
8619
8620
8623
8623
8625
8625
8625
8626
8626
8627
8627
8628
8630
8630
8631
8632
8632
8632
8633
8635
8635
8636
8637
8637
8637
8638
8641
8643
8645
8645
8646
8647
8647
8648
8648
8649
8650
8650
8652
8652
8652
8656
8657
8657
8659
8661
8661
8661
8662
8662
8664
8665
8665
8666
8668
8669
8669
8670
8671
8672
8676
8676
8678
8678
8679
8679
8680
8681
8683
8683
8685
8685
8685
8687
8688
8689
8689
8690
8691
8692
8693
8694
8694
8694
8694
8695
8697
8700
8700
8702
8707
8707
8707
8708
8711
8713
8713
8714
8716
8716
8717
8718
8719
8721
8722
8723
8723
8723
8726
8729
8731
8732
8732
8732
8733
8735
8737
8737
8738
8740
8740
8740
8741
8742
8742
8743
8743
8744
8744
8744
8745
8746
8746
8746
8746
8747
8751
8755
8756
8756
8756
8757
8757
8758
8759
8760
8760
8765
8767
8769
8772
8773
8774
8774
8777
8777
8777
8778
8778
8779
8780
8782
8782
8782
8782
8784
8785
8786
8789
8792
8793
8794
8796
8796
8797
8798
8798
8799
8803
8805
8805
8808
8811
8812
8812
8812
8813
8814
8814
8815
8815
8815
8817
8817
8817
8821
8822
8825
8825
8826
8827
8827
8827
8827
8831
8831
8831
8832
8832
8833
8833
8834
8836
8837
8838
8840
8840
8841
8843
8845
8849
8849
8849
8854
8856
8857
8858
8858
8859
8859
8864
8864
8867
8867
8869
8870
8871
8871
8872
8872
8882
8886
8886
8886
8887
8890
8890
8891
8891
8891
8891
8892
8892
8893
8893
8894
8895
8895
8896
8900
8901
8901
8902
8902
8902
8903
8903
8905
8906
8906
8906
8907
8907
8907
8909
8909
8909
8911
8911
8913
8914
8915
8915
8915
8916
8918
8918
8918
8919
8922
8923
8924
8924
8924
8924
8924
8925
8925
8926
8926
8927
8927
8930
8930
8931
8933
8933
8933
8934
8934
8934
8934
8935
8936
8936
8937
8938
8938
8939
8940
8940
8941
8943
8944
8944
8945
8946
8946
8947
8947
8949
8949
8950
8950
8953
8953
8953
8956
8956
8957
8958
8958
8960
8960
8962
8962
8963
8964
8964
8966
8969
8969
8969
8970
8972
8972
8973
8974
8974
8975
8976
8976
8977
8977
8979
8979
8979
8980
8982
8983
8984
8987
8989
8989
8990
8991
8991
8992
8993
8995
8998
8998
9000
9002
9002
9003
9004
9005
9006
9008
9008
9008
9009
9010
9012
9013
9015
9015
9016
9017
9018
9019
9020
9021
9021
9021
9021
9022
9023
9024
9024
9026
9026
9027
9027
9029
9029
9031
9031
9033
9033
9034
9034
9035
9036
9037
9037
9037
9038
9038
9040
9041
9043
9043
9044
9044
9044
9046
9047
9047
9048
9048
9049
9051
9053
9053
9053
9054
9055
9056
9058
9060
9060
9061
9061
9062
9063
9066
9066
9068
9068
9069
9071
9071
9072
9073
9073
9073
9074
9074
9076
9076
9077
9078
9079
9079
9079
9080
9082
9083
9083
9083
9084
9089
9089
9090
9091
9091
9091
9094
9095
9097
9097
9098
9098
9100
9100
9101
9102
9103
9104
9104
9104
9104
9105
9106
9106
9106
9106
9109
9110
9110
9110
9111
9113
9113
9115
9117
9117
9118
9118
9121
9121
9123
9123
9127
9127
9127
9127
9128
9129
9131
9131
9132
9132
9132
9133
9134
9135
9136
9137
9137
9138
9138
9139
9141
9142
9142
9143
9143
9143
9147
9148
9151
9151
9152
9152
9156
9157
9157
9158
9159
9160
9161
9162
9162
9162
9163
9163
9163
9164
9166
9168
9169
9169
9172
9173
9175
9175
9178
9180
9180
9181
9182
9183
9184
9184
9184
9185
9186
9186
9187
9187
9188
9188
9189
9189
9190
9191
9192
9192
9192
9194
9194
9196
9196
9197
9197
9198
9198
9201
9203
9204
9208
9208
9208
9210
9210
9211
9211
9213
9214
9216
9216
9216
9219
9222
9222
9222
9222
9223
9223
9227
9227
9228
9230
9231
9232
9232
9232
9233
9234
9235
9237
9237
9237
9239
9241
9241
9244
9244
9246
9246
9246
9247
9248
9248
9248
9250
9251
9252
9252
9254
9255
9255
9256
9256
9258
9261
9261
9261
9263
9265
9267
9269
9270
9270
9272
9274
9275
9277
9282
9282
9282
9285
9285
9285
9287
9289
9289
9291
9291
9291
9292
9292
9292
9293
9295
9295
9296
9296
9297
9297
9297
9298
9299
9299
9299
9300
9300
9301
9303
9306
9306
9306
9306
9310
9312
9312
9313
9315
9316
9317
9318
9318
9320
9320
9320
9320
9322
9323
9324
9324
9324
9325
9325
9326
9327
9329
9329
9330
9331
9331
9332
9333
9333
9335
9335
9335
9336
9342
9343
9345
9350
9353
9353
9354
9354
9355
9357
9357
9357
9359
9359
9359
9359
9359
9360
9361
9361
9361
9361
9364
9370
9371
9371
9372
9373
9373
9373
9374
9374
9375
9376
9379
9380
9380
9380
9381
9381
9381
9381
9382
9382
9382
9383
9384
9385
9386
9386
9387
9387
9388
9390
9390
9394
9396
9396
9396
9397
9397
9398
9399
9399
9400
9400
9401
9403
9404
9406
9406
9408
9408
9408
9411
9411
9412
9413
9414
9414
9415
9415
9416
9416
9417
9418
9418
9420
9421
9421
9422
9423
9423
9423
9424
9424
9424
9430
9430
9430
9430
9430
9431
9433
9435
9438
9439
9440
9440
9446
9451
9452
9453
9453
9455
9455
9455
9458
9459
9459
9460
9462
9462
9462
9464
9465
9465
9465
9466
9467
9467
9469
9471
9473
9476
9476
9476
9476
9481
9481
9483
9484
9485
9485
9486
9487
9488
9488
9488
9491
9492
9492
9492
9493
9495
9495
9497
9498
9501
9501
9501
9502
9504
9507
9507
9509
9511
9513
9516
9516
9517
9518
9521
9522
9524
9525
9527
9528
9528
9528
9528
9528
9534
9534
9536
9536
9537
9538
9540
9540
9543
9543
9543
9544
9545
9545
9546
9546
9547
9548
9551
9551
9553
9556
9556
9557
9558
9559
9559
9560
9567
9567
9568
9568
9571
9573
9577
9578
9579
9580
9580
9580
9586
9587
9587
9588
9588
9589
9591
9593
9593
9595
9596
9598
9599
9600
9600
9600
9601
9603
9605
9609
9609
9612
9613
9614
9614
9616
9618
9619
9621
9621
9622
9623
9623
9624
9625
9626
9626
9628
9629
9629
9629
9630
9630
9630
9630
9631
9632
9632
9633
9633
9634
9636
9638
9639
9640
9642
9643
9645
9645
9645
9647
9647
9648
9650
9653
9657
9659
9660
9661
9661
9662
9662
9662
9665
9665
9666
9667
9667
9667
9668
9669
9669
9670
9671
9672
9673
9675
9675
9676
9676
9677
9678
9678
9680
9681
9681
9682
9684
9684
9685
9686
9687
9687
9689
9690
9690
9694
9696
9696
9698
9699
9700
9702
9703
9703
9704
9705
9706
9706
9706
9709
9711
9711
9712
9713
9715
9715
9716
9717
9717
9718
9719
9719
9719
9719
9719
9720
9722
9723
9723
9723
9725
9726
9727
9727
9728
9729
9730
9731
9732
9732
9733
9734
9735
9735
9735
9736
9739
9739
9740
9741
9741
9741
9742
9743
9743
9743
9743
9744
9744
9745
9745
9746
9748
9749
9749
9750
9751
9751
9752
9752
9756
9756
9757
9759
9759
9764
9767
9771
9771
9772
9773
9773
9774
9774
9774
9774
9776
9776
9776
9777
9778
9780
9781
9781
9781
9781
9782
9782
9782
9782
9783
9784
9785
9786
9790
9791
9793
9793
9794
9795
9795
9796
9797
9798
9798
9798
9800
9800
9801
9801
9801
9802
9802
9803
9803
9804
9805
9807
9808
9808
9809
9810
9810
9811
9811
9811
9812
9813
9816
9817
9817
9818
9818
9818
9821
9822
9822
9825
9826
9828
9829
9829
9829
9830
9831
9832
9833
9833
9834
9835
9835
9835
9836
9836
9838
9839
9841
9843
9843
9844
9844
9846
9847
9849
9849
9850
9850
9854
9857
9857
9857
9859
9859
9861
9865
9866
9866
9867
9868
9869
9870
9870
9870
9870
9870
9871
9872
9872
9872
9872
9874
9874
9875
9875
9881
9881
9881
9882
9884
9884
9885
9885
9886
9886
9888
9889
9890
9890
9891
9893
9896
9896
9897
9897
9899
9901
9902
9903
9903
9905
9906
9907
9908
9908
9909
9910
9910
9911
9912
9912
9914
9915
9915
9916
9916
9918
9919
9921
9922
9922
9922
9922
9925
9926
9928
9929
9932
9932
9932
9932
9933
9934
9935
9936
9936
9937
9937
9938
9938
9942
9943
9944
9944
9946
9946
9948
9948
9949
9952
9953
9953
9954
9954
9955
9956
9956
9957
9958
9960
9961
9961
9961
9964
9967
9968
9968
9968
9970
9970
9970
9970
9971
9971
9972
9973
9975
9975
9976
9976
9978
9978
9979
9980
9981
9981
9982
9988
9989
9989
9993
9993
9993
9994
9994
9994
9995
9996
9998
9999
9999
9999
10000
10000
10000
