5
5
9
20
22
25
25
28
35
69
72
100
102
109
110
119
126
164
168
170
172
172
174
178
206
216
217
223
235
236
251
274
282
300
308
321
324
337
341
349
352
357
359
381
392
410
416
421
457
464
486
492
506
515
516
518
526
536
541
544
553
569
584
588
593
616
625
626
636
647
691
699
700
731
749
757
766
779
782
804
809
819
829
838
854
866
868
872
881
891
917
934
947
959
960
964
988
991
991
1046
1049
1055
1069
1094
1095
1099
1113
1138
1155
1176
1181
1185
1188
1192
1204
1228
1234
1236
1258
1278
1285
1287
1292
1294
1299
1311
1355
1357
1361
1362
1364
1416
1419
1430
1433
1439
1452
1477
1500
1509
1524
1558
1561
1594
1610
1612
1614
1616
1624
1646
1667
1678
1684
1684
1690
1691
1691
1697
1704
1707
1718
1736
1739
1763
1771
1772
1773
1789
1791
1799
1803
1816
1834
1847
1854
1861
1872
1883
1900
1903
1918
1922
1930
1938
1941
1955
1972
1980
1982
1986
2003
2008
2018
2032
2039
2040
2041
2042
2053
2056
2068
2068
2069
2090
2096
2098
2127
2144
2180
2192
2193
2207
2225
2226
2229
2242
2242
2265
2277
2289
2289
2291
2317
2325
2338
2400
2413
2435
2435
2451
2462
2471
2474
2476
2483
2490
2492
2497
2498
2506
2506
2518
2520
2525
2540
2543
2561
2575
2589
2604
2605
2610
2613
2626
2630
2630
2666
2670
2679
2697
2699
2720
2720
2745
2766
2789
2820
2826
2832
2865
2865
2865
2871
2884
2885
2889
2903
2918
2926
2927
2931
2949
2953
2959
3001
3004
3009
3011
3024
3033
3054
3077
3079
3093
3100
3144
3148
3151
3207
3218
3227
3244
3244
3246
3257
3268
3272
3286
3304
3308
3315
3322
3326
3334
3335
3358
3361
3385
3393
3427
3442
3468
3477
3477
3484
3485
3493
3504
3505
3509
3536
3540
3542
3549
3596
3612
3628
3629
3639
3644
3661
3671
3680
3684
3707
3713
3719
3743
3745
3763
3772
3790
3804
3808
3809
3820
3822
3825
3829
3834
3846
3855
3869
3878
3894
3917
3943
3954
3965
3989
4008
4027
4048
4059
4072
4094
4095
4127
4137
4144
4149
4154
4155
4162
4163
4165
4175
4185
4190
4200
4207
4210
4218
4220
4224
4239
4246
4256
4271
4276
4283
4293
4295
4304
4310
4342
4352
4362
4364
4365
4369
4373
4375
4375
4384
4412
4419
4427
4438
4443
4452
4470
4474
4480
4491
4501
4502
4504
4508
4524
4539
4564
4567
4579
4608
4616
4620
4623
4630
4632
4635
4644
4654
4656
4666
4677
4687
4687
4694
4704
4739
4744
4751
4752
4767
4781
4786
4805
4810
4813
4819
4836
4840
4840
4845
4860
4889
4889
4893
4927
4928
4931
4936
4938
4955
4959
4964
4968
4975
4989
4995
5002
5009
5017
5022
5055
5056
5069
5071
5083
5107
5120
5123
5128
5141
5147
5150
5178
5179
5204
5222
5231
5240
5248
5263
5305
5323
5326
5328
5332
5333
5336
5345
5346
5350
5355
5375
5393
5396
5406
5428
5441
5475
5481
5484
5489
5492
5496
5509
5514
5515
5528
5532
5532
5553
5556
5556
5563
5566
5569
5573
5573
5580
5589
5604
5623
5643
5660
5672
5693
5699
5707
5721
5737
5764
5764
5767
5770
5771
5792
5801
5809
5812
5814
5820
5833
5834
5845
5849
5858
5862
5864
5885
5886
5890
5909
5923
5923
5931
5931
5931
5940
5941
5941
5943
5954
5956
5967
5974
5977
5983
6002
6010
6040
6044
6047
6064
6071
6075
6081
6086
6094
6101
6102
6106
6110
6111
6112
6144
6149
6162
6174
6177
6178
6182
6183
6195
6198
6201
6212
6213
6216
6222
6229
6242
6259
6261
6307
6308
6337
6340
6342
6345
6349
6356
6365
6367
6372
6384
6406
6417
6430
6451
6454
6455
6455
6471
6471
6477
6485
6487
6501
6513
6541
6542
6548
6558
6587
6589
6592
6618
6632
6636
6639
6654
6658
6678
6684
6716
6726
6727
6757
6759
6760
6775
6785
6787
6817
6822
6826
6832
6840
6842
6845
6867
6871
6878
6897
6908
6912
6913
6915
6919
6940
6941
6949
6977
6990
6992
6997
7008
7034
7051
7064
7076
7080
7088
7093
7097
7100
7105
7117
7123
7131
7133
7143
7146
7160
7164
7172
7174
7182
7186
7198
7215
7217
7225
7230
7231
7244
7253
7260
7286
7288
7298
7327
7331
7333
7338
7350
7356
7375
7388
7406
7411
7421
7421
7428
7433
7437
7442
7448
7459
7467
7473
7473
7474
7485
7488
7495
7503
7503
7504
7514
7539
7545
7546
7563
7586
7590
7596
7604
7607
7609
7620
7624
7627
7627
7678
7680
7691
7696
7697
7724
7731
7768
7784
7785
7793
7801
7806
7817
7821
7869
7871
7880
7891
7897
7910
7912
7913
7937
7944
7950
7956
7966
7977
7994
8035
8035
8072
8082
8085
8090
8100
8114
8118
8126
8127
8138
8149
8156
8163
8164
8167
8172
8173
8184
8185
8207
8211
8228
8242
8255
8265
8265
8274
8285
8290
8296
8308
8333
8340
8352
8372
8373
8385
8440
8446
8452
8456
8458
8463
8466
8467
8475
8477
8477
8489
8499
8499
8515
8548
8550
8569
8577
8595
8600
8628
8629
8639
8659
8691
8694
8695
8699
8706
8711
8726
8727
8728
8730
8739
8742
8750
8759
8802
8823
8827
8829
8830
8831
8847
8848
8868
8877
8894
8901
8903
8911
8917
8923
8928
8943
8964
8987
8988
8998
9013
9014
9019
9031
9045
9045
9078
9086
9105
9107
9109
9115
9123
9137
9142
9160
9167
9173
9209
9210
9216
9220
9229
9235
9239
9250
9260
9260
9288
9302
9311
9311
9314
9315
9315
9320
9322
9330
9335
9355
9364
9366
9381
9393
9397
9416
9426
9426
9428
9431
9437
9449
9455
9464
9489
9504
9522
9522
9525
9538
9551
9551
9558
9574
9606
9614
9615
9668
9672
9700
9701
9716
9748
9752
9755
9769
9786
9788
9791
9803
9834
9852
9876
9876
9904
9907
9943
9948
9969
9989
9989
9989
