287
491
575
750
872
913
995
1061
1118
1219
1420
1535
1764
1854
1896
2069
2180
2258
2380
2476
2560
2587
2712
3199
3292
3359
3449
3488
3646
3662
3705
3761
3818
3917
4016
4039
4290
4443
4451
4458
4477
4668
4724
4766
4824
4966
5187
5258
5395
5457
5520
5537
5795
6008
6023
6034
6079
6178
6363
6608
6786
6970
7060
7218
7260
7267
7274
7276
7289
7296
7373
7377
7622
7822
7911
8024
8238
8261
8279
8388
8389
8408
8554
8634
8636
8667
8729
8730
9035
9167
9232
9248
9286
9310
9366
9487
9572
9803
9879
9956
